    0.00000   3.45660e+49   2.22667e+44   1.55236e+05   0.9999936   2.91656e+13   1.02323e+11   2.91656e+13   2.85035e+02  6.60752e-01   1.40862e+00  1.86796e+00  1.87500e+00  1.87184e+00      1.0038   0.00000e+00  0.00000e+00  0.00000e+00  0.00000e+00  0.00000e+00   0.00000e+00   0.00000e+00 0.00000e+00 4.77416e-01
    0.75205   1.67981e+49   1.39957e+47   1.20023e+02   0.9917371   3.30632e+13   3.19637e+12   3.30640e+13   1.03440e+01  7.49071e-01   1.40868e+00  1.95756e+00  1.96875e+00  1.97936e+00      1.0057  -3.71914e+42 -2.86563e-07 -4.03761e-04  6.98330e-07  0.00000e+00   1.06525e+43  -1.43716e+43-1.34913e+00 5.50865e-01
    1.75034   6.13030e+48   7.02177e+47   8.73043e+00   0.8972296   1.53456e+13   1.30527e+13   1.53950e+13   1.17567e+00  3.48778e-01   1.40864e+00  2.09631e+00  1.96875e+00  2.08563e+00      0.9391  -1.21227e+45 -8.47207e-05  1.45224e-02  8.00985e-07  0.00000e+00  -1.29705e+45   8.47838e+43 0.00000e+00 5.75347e-01
    2.66965   3.70259e+48   1.35767e+48   2.72716e+00   0.7316988   1.69383e+13   1.26622e+13   1.74310e+13   1.33771e+00  3.94903e-01   1.40837e+00  1.79109e+00  1.68750e+00  1.78700e+00      0.9422  -1.22829e+46 -1.16871e-03  4.68643e-03  1.17422e-03  0.00000e+00   6.90964e+43  -1.23520e+46-1.78765e+02 4.77416e-01
    3.62593   2.87471e+48   1.48867e+48   1.93107e+00   0.6588271   2.13309e+13   1.54375e+13   2.14638e+13   1.38176e+00  4.86266e-01   1.40867e+00  1.89829e+00  1.78125e+00  1.89094e+00      0.9383  -6.44575e+45 -5.44222e-04 -6.72898e-02 -1.10561e-04  0.00000e+00  -3.72450e+46   3.07992e+46 0.00000e+00 5.26382e-01
    4.53333   1.51758e+48   1.59079e+48   9.53981e-01   0.4882244   2.43403e+13   2.14932e+13   2.44082e+13   1.13247e+00  5.52971e-01   1.40867e+00  1.74385e+00  1.68750e+00  1.74813e+00      0.9677   1.11460e+46  1.12708e-03 -4.55831e-02  0.00000e+00  0.00000e+00   2.25788e+46  -1.14328e+46-5.06352e-01 4.77416e-01
    5.46176   7.89363e+47   1.34188e+48   5.88252e-01   0.3703770   1.76568e+13   1.55880e+13   1.78064e+13   1.13272e+00  4.03408e-01   1.40881e+00  1.84904e+00  1.78125e+00  1.84705e+00      0.9633   1.13359e+46  1.01736e-03 -9.11258e-02 -1.53351e-04  0.00000e+00  -6.50857e+46   7.64215e+46 0.00000e+00 5.01899e-01
    6.34680   6.96721e+47   1.34935e+48   5.16337e-01   0.3405162   2.19648e+13   1.58361e+13   2.21885e+13   1.38701e+00  5.02686e-01   1.40884e+00  1.74385e+00  1.68750e+00  1.73536e+00      0.9677   7.03515e+45  7.19584e-04  1.59510e-02  0.00000e+00  0.00000e+00  -1.22550e+46   1.92902e+46 0.00000e+00 4.77416e-01
    7.26056   5.45028e+47   1.38698e+48   3.92959e-01   0.2821039   1.29101e+13   1.29520e+13   1.46691e+13   9.96770e-01  3.32331e-01   1.40892e+00  1.82030e+00  1.78125e+00  1.84449e+00      0.9785   2.39099e+46  2.15557e-03  1.70072e-01 -2.50804e-04  0.00000e+00   1.33176e+47  -1.09266e+47-8.20463e-01 5.01899e-01
    8.14652   6.45542e+47   1.59649e+48   4.04352e-01   0.2879277   1.61376e+13   1.58176e+13   1.79939e+13   1.02023e+00  4.07655e-01   1.40896e+00  1.74385e+00  1.68750e+00  1.74495e+00      0.9677   2.67884e+46  2.71261e-03 -3.21501e-02  0.00000e+00  0.00000e+00   3.63705e+45   2.31513e+46 6.36542e+00 4.77416e-01
    9.05673   5.79573e+47   1.36533e+48   4.24492e-01   0.2979955   1.26220e+13   1.40427e+13   1.42047e+13   8.98833e-01  3.21811e-01   1.40901e+00  1.82030e+00  1.78125e+00  1.83605e+00      0.9785   5.58831e+45  5.07713e-04 -9.26553e-02  1.06263e-02  0.00000e+00  -6.29874e+46   6.85757e+46 0.00000e+00 5.01899e-01
    9.94491   5.49033e+47   1.48219e+48   3.70420e-01   0.2702965   1.37796e+13   1.39002e+13   1.47411e+13   9.91321e-01  3.33963e-01   1.40906e+00  1.74385e+00  1.68750e+00  1.74413e+00      0.9677  -1.84305e+46 -1.87124e-03 -2.61438e-02  0.00000e+00  0.00000e+00   1.84596e+46  -3.68901e+46-1.99842e+00 4.77416e-01
   10.85241   5.09262e+47   1.46447e+48   3.47745e-01   0.2580199   1.10196e+13   1.42046e+13   1.51984e+13   7.75777e-01  3.44323e-01   1.40911e+00  1.82030e+00  1.78125e+00  1.83426e+00      0.9785  -1.52014e+46 -1.38773e-03 -1.84242e-02  2.65412e-02  0.00000e+00   7.74267e+45  -2.29441e+46-2.96333e+00 5.01899e-01
   11.72152   7.09614e+47   1.78215e+48   3.98178e-01   0.2847833   1.63880e+13   1.93238e+13   2.17633e+13   8.48073e-01  4.93053e-01   1.40916e+00  1.74385e+00  1.68750e+00  1.74725e+00      0.9677  -1.42770e+46 -1.44678e-03 -1.54955e-01  0.00000e+00  0.00000e+00  -9.62898e+46   8.20128e+46 0.00000e+00 4.77416e-01
   12.61320   7.62363e+47   1.79829e+48   4.23937e-01   0.2977220   2.11986e+13   1.95759e+13   2.37753e+13   1.08289e+00  5.38634e-01   1.40921e+00  1.82030e+00  1.78125e+00  1.84520e+00      0.9785  -9.66201e+45 -8.70507e-04 -1.65856e-01  7.04438e-03  0.00000e+00  -1.57586e+47   1.47924e+47 0.00000e+00 5.01899e-01
   13.49419   9.95662e+47   2.35662e+48   4.22496e-01   0.2970105   3.17481e+13   2.69583e+13   3.21249e+13   1.17767e+00  7.27796e-01   1.40925e+00  1.74385e+00  1.68750e+00  1.74882e+00      0.9677  -3.15738e+45 -3.18653e-04 -9.82579e-02  0.00000e+00  0.00000e+00  -5.19336e+46   4.87762e+46 0.00000e+00 4.77416e-01
   14.39850   1.15180e+48   2.65203e+48   4.34309e-01   0.3028001   2.40967e+13   2.32280e+13   2.65803e+13   1.03740e+00  6.02182e-01   1.40932e+00  1.87500e+00  1.78125e+00  1.87257e+00      0.9500  -5.90360e+45 -5.12726e-04 -8.43052e-02 -1.21213e-02  0.00000e+00  -4.58743e+46   3.99707e+46 0.00000e+00 5.01899e-01
   15.28717   1.27701e+48   2.84833e+48   4.48336e-01   0.3095526   1.43913e+13   2.16461e+13   2.16605e+13   6.64844e-01  4.90723e-01   1.40937e+00  1.82030e+00  1.68750e+00  1.78313e+00      0.9270   2.66915e+46  2.59729e-03  5.36404e-03 -7.97354e-02  0.00000e+00   3.43958e+46  -7.70424e+45-2.23988e-01 4.77416e-01
   16.22726   1.17242e+48   2.93396e+48   3.99604e-01   0.2855120   1.60220e+13   2.13965e+13   2.13966e+13   7.48812e-01  4.84743e-01   1.40943e+00  1.93271e+00  1.78125e+00  1.89075e+00      0.9216   4.46069e+46  3.88630e-03  1.78807e-01  4.79514e-02  0.00000e+00   2.80627e+47  -2.36021e+47-8.41046e-01 5.01899e-01
   17.14130   1.38765e+48   3.86153e+48   3.59353e-01   0.2643560   2.18810e+13   2.51324e+13   2.62632e+13   8.70632e-01  5.94998e-01   1.40949e+00  1.89598e+00  1.78125e+00  1.81368e+00      0.9395   4.49502e+46  4.36248e-03  1.86067e-01 -8.58370e-02  0.00000e+00   2.43732e+47  -1.98782e+47-8.15575e-01 4.77416e-01
   18.06253   1.37649e+48   4.10512e+48   3.35312e-01   0.2511112   2.00640e+13   1.94842e+13   2.09810e+13   1.02976e+00  4.75328e-01   1.40950e+00  2.08159e+00  2.06250e+00  1.90309e+00      0.9908   7.07085e+46  6.20251e-03  1.66011e-01 -2.68788e-02  0.00000e+00   3.00071e+47  -2.29362e+47-7.64361e-01 5.01899e-01
   18.70152   1.30627e+48   4.03286e+48   3.23908e-01   0.2446604   2.12568e+13   1.85876e+13   2.13768e+13   1.14360e+00  4.84296e-01   1.40941e+00  1.87500e+00  2.06250e+00  1.77025e+00      1.1000   8.52084e+46  8.89962e-03  2.82512e-01 -1.38954e-01  0.00000e+00   3.46554e+47  -2.61346e+47-7.54127e-01 4.77416e-01
   19.17282   1.16540e+48   3.46163e+48   3.36663e-01   0.2518682   1.33814e+13   1.55458e+13   1.68318e+13   8.60774e-01  3.81327e-01   1.40957e+00  2.00634e+00  2.06250e+00  1.89000e+00      1.0280   9.46368e+46  8.87693e-03  3.25779e-01 -3.73779e-02  0.00000e+00   3.62890e+47  -2.68253e+47-7.39213e-01 4.77416e-01
   20.05661   1.25936e+48   4.20761e+48   2.99305e-01   0.2303577   1.73743e+13   1.86622e+13   2.13384e+13   9.30991e-01  4.83424e-01   1.40948e+00  2.05823e+00  1.87500e+00  1.85121e+00      0.9110   1.11892e+47  1.07026e-02  1.81818e-01 -7.39341e-02  0.00000e+00   2.17308e+47  -1.05416e+47-4.85098e-01 4.77416e-01
   20.74239   1.20188e+48   4.01478e+48   2.99363e-01   0.2303920   2.09031e+13   2.16582e+13   2.48603e+13   9.65137e-01  5.63215e-01   1.40953e+00  1.95756e+00  1.96875e+00  1.82535e+00      1.0057   1.09608e+47  1.09547e-02  3.60747e-02 -9.43785e-02  0.00000e+00  -5.83792e+45   1.15446e+47 0.00000e+00 4.77416e-01
   21.36885   1.04522e+48   3.58636e+48   2.91444e-01   0.2256727   1.72877e+13   1.95241e+13   2.00466e+13   8.85457e-01  4.54159e-01   1.40965e+00  2.17452e+00  2.06250e+00  1.94538e+00      0.9485   1.05059e+47  9.18262e-03 -1.06426e-01 -1.12169e-02  0.00000e+00  -2.01991e+47   3.07050e+47 0.00000e+00 5.01899e-01
   21.90546   9.49728e+47   3.36013e+48   2.82646e-01   0.2203615   2.10779e+13   2.25578e+13   2.35558e+13   9.34395e-01  5.33662e-01   1.40950e+00  2.10677e+00  2.06250e+00  1.83068e+00      0.9790   1.00583e+47  1.00702e-02 -1.30773e-01  1.04561e-01  0.00000e+00  -2.21638e+47   3.22221e+47 0.00000e+00 4.77416e-01
   22.43818   1.06612e+48   3.34220e+48   3.18987e-01   0.2418425   2.72258e+13   2.67780e+13   3.01235e+13   1.01673e+00  6.82453e-01   1.40950e+00  2.12132e+00  1.78125e+00  1.79633e+00      0.8397   6.92678e+46  7.38856e-03 -2.04442e-01  3.71026e-01  0.00000e+00  -2.74923e+47   3.44191e+47 0.00000e+00 4.77416e-01
   23.02848   1.17646e+48   3.36007e+48   3.50131e-01   0.2593309   2.29508e+13   1.96045e+13   2.37605e+13   1.17069e+00  5.38299e-01   1.40966e+00  2.21258e+00  2.06250e+00  1.94980e+00      0.9322   2.72464e+46  2.41992e-03 -1.39327e-01  7.12785e-02  0.00000e+00  -2.02219e+47   2.29466e+47 0.00000e+00 5.01899e-01
   23.57223   1.18089e+48   3.52385e+48   3.35113e-01   0.2509995   2.24120e+13   1.81846e+13   2.28495e+13   1.23248e+00  5.17660e-01   1.40949e+00  2.18862e+00  1.96875e+00  1.85108e+00      0.8995  -1.64874e+44 -1.58651e-05 -1.42457e-01  2.16603e-02  0.00000e+00  -1.43422e+47   1.43257e+47 0.00000e+00 4.77416e-01
   23.92039   1.18142e+48   3.57425e+48   3.30537e-01   0.2484238   2.04900e+13   1.81541e+13   2.09826e+13   1.12867e+00  4.75364e-01   1.40938e+00  2.17452e+00  1.68750e+00  1.74260e+00      0.7760  -1.36562e+46 -1.49392e-03 -1.55535e-01 -6.77942e-02  0.00000e+00  -1.77438e+47   1.63782e+47 0.00000e+00 4.77416e-01
   24.11298   1.14163e+48   3.49194e+48   3.26931e-01   0.2463815   1.67416e+13   1.80705e+13   1.96674e+13   9.26457e-01  4.45568e-01   1.40937e+00  2.13783e+00  1.96875e+00  1.72869e+00      0.9209  -2.07092e+46 -2.32417e-03 -1.23981e-01 -2.02065e-02  0.00000e+00  -1.59250e+47   1.38541e+47 0.00000e+00 4.77416e-01
   24.27350   1.09260e+48   3.41601e+48   3.19847e-01   0.2423367   1.45701e+13   1.76943e+13   1.81814e+13   8.23433e-01  4.11904e-01   1.40942e+00  2.13783e+00  1.87500e+00  1.75769e+00      0.8771  -2.64080e+46 -2.91046e-03 -7.35848e-02 -3.58445e-02  0.00000e+00  -1.15147e+47   8.87390e+46 0.00000e+00 4.77416e-01
   24.44108   1.02831e+48   3.30767e+48   3.10887e-01   0.2371576   1.24121e+13   1.83365e+13   1.86418e+13   6.76906e-01  4.22333e-01   1.40949e+00  2.13783e+00  1.78125e+00  1.81366e+00      0.8332  -3.25951e+46 -3.42853e-03 -1.78138e-02 -5.73124e-02  0.00000e+00  -5.97729e+46   2.71778e+46 0.00000e+00 4.77416e-01
   24.63538   9.46155e+47   3.14920e+48   3.00443e-01   0.2310312   1.16240e+13   1.61353e+13   1.72915e+13   7.20410e-01  3.91743e-01   1.40956e+00  2.18862e+00  1.87500e+00  1.87961e+00      0.8567  -3.91431e+46 -3.86251e-03  1.95418e-02 -9.61904e-03  0.00000e+00  -1.22639e+46  -2.68792e+46 0.00000e+00 4.77416e-01
   24.90345   8.44819e+47   3.01333e+48   2.80361e-01   0.2189702   1.15189e+13   1.42679e+13   1.57375e+13   8.07325e-01  3.56537e-01   1.40960e+00  2.20661e+00  1.96875e+00  1.92659e+00      0.8922  -4.51295e+46 -4.21414e-03  2.87650e-02 -4.02887e-02  0.00000e+00   2.71892e+45  -4.78484e+46-1.75983e+01 5.01899e-01
   25.09570   7.81025e+47   2.91234e+48   2.68177e-01   0.2114668   1.05207e+13   1.65203e+13   1.65204e+13   6.36832e-01  3.74274e-01   1.40955e+00  2.25195e+00  1.96875e+00  1.91021e+00      0.8742  -5.23465e+46 -4.92485e-03  6.10120e-03 -9.99667e-02  0.00000e+00   2.83974e+45  -5.51862e+46-1.94335e+01 4.77416e-01
   25.23234   7.44734e+47   2.83528e+48   2.62667e-01   0.2080256   9.93623e+12   1.64919e+13   1.64993e+13   6.02490e-01  3.73794e-01   1.40949e+00  2.25780e+00  1.96875e+00  1.87376e+00      0.8720  -5.78640e+46 -5.61238e-03 -9.41552e-03 -1.08738e-01  0.00000e+00  -9.85369e+45  -4.80103e+46 0.00000e+00 4.77416e-01
   25.33779   7.18823e+47   2.78486e+48   2.58119e-01   0.2051624   1.00684e+13   1.61808e+13   1.62279e+13   6.22246e-01  3.67646e-01   1.40945e+00  2.25195e+00  1.96875e+00  1.84177e+00      0.8742  -6.23675e+46 -6.26472e-03 -2.01210e-02 -1.00189e-01  0.00000e+00  -2.07112e+46  -4.16563e+46 0.00000e+00 4.77416e-01
   25.43202   6.97304e+47   2.74947e+48   2.53614e-01   0.2023063   9.70910e+12   1.57337e+13   1.58326e+13   6.17088e-01  3.58690e-01   1.40940e+00  2.25195e+00  1.96875e+00  1.80806e+00      0.8742  -6.65141e+46 -6.93227e-03 -2.85461e-02 -9.91059e-02  0.00000e+00  -3.02122e+46  -3.63019e+46 0.00000e+00 4.77416e-01
   25.51738   6.78806e+47   2.72549e+48   2.49058e-01   0.1993969   9.15779e+12   1.54605e+13   1.55478e+13   5.92335e-01  3.52237e-01   1.40937e+00  2.25780e+00  1.96875e+00  1.77752e+00      0.8720  -7.00349e+46 -7.55935e-03 -3.45809e-02 -1.85600e-01  0.00000e+00  -3.77169e+46  -3.23180e+46 0.00000e+00 4.77416e-01
   25.60020   6.60674e+47   2.70810e+48   2.43962e-01   0.1961168   8.84610e+12   1.54359e+13   1.55038e+13   5.73085e-01  3.51241e-01   1.40933e+00  2.25780e+00  1.68750e+00  1.74766e+00      0.7474  -7.25411e+46 -8.08781e-03 -3.84480e-02 -3.02736e-01  0.00000e+00  -4.33590e+46  -2.91820e+46 0.00000e+00 4.77416e-01
   25.67389   6.46333e+47   2.69492e+48   2.39834e-01   0.1934402   8.48515e+12   1.53558e+13   1.54055e+13   5.52571e-01  3.49014e-01   1.40931e+00  2.25195e+00  1.68750e+00  1.72572e+00      0.7493  -7.40721e+46 -8.46636e-03 -4.01937e-02 -2.92319e-01  0.00000e+00  -4.71610e+46  -2.69111e+46 0.00000e+00 4.77416e-01
   25.75328   6.32207e+47   2.68443e+48   2.35509e-01   0.1906170   8.01894e+12   1.50412e+13   1.50699e+13   5.33130e-01  3.41412e-01   1.40929e+00  2.25780e+00  1.78125e+00  1.70930e+00      0.7889  -7.48439e+46 -8.72757e-03 -4.05361e-02 -1.58438e-01  0.00000e+00  -4.94604e+46  -2.53835e+46 0.00000e+00 4.77416e-01
   25.84020   6.17680e+47   2.67489e+48   2.30918e-01   0.1875982   8.03242e+12   1.48024e+13   1.52849e+13   5.42642e-01  3.46282e-01   1.40928e+00  2.26751e+00  1.78125e+00  1.69796e+00      0.7856  -7.47148e+46 -8.81539e-03 -3.88512e-02 -2.83119e-03  0.00000e+00  -4.90194e+46  -2.56954e+46 0.00000e+00 4.77416e-01
   25.91939   6.06053e+47   2.66344e+48   2.27545e-01   0.1853662   8.27044e+12   1.51692e+13   1.56662e+13   5.45213e-01  3.54920e-01   1.40928e+00  2.16439e+00  1.78125e+00  1.69611e+00      0.8230  -7.38734e+46 -8.72118e-03 -3.60069e-02 -1.57555e-02  0.00000e+00  -4.50538e+46  -2.88196e+46 0.00000e+00 4.77416e-01
   25.99207   5.96497e+47   2.64880e+48   2.25196e-01   0.1838038   8.53299e+12   1.54227e+13   1.61432e+13   5.53275e-01  3.65728e-01   1.40930e+00  2.16439e+00  1.78125e+00  1.70547e+00      0.8230  -7.27316e+46 -8.51997e-03 -3.28725e-02 -2.14766e-02  0.00000e+00  -3.90242e+46  -3.37074e+46 0.00000e+00 4.77416e-01
