# fbtbp sobre dir_norot192b (45194, fill_ambient_bc), todos os plotfiles.
# rho_cut = 1.0e5 g/cm^3 -- a estrela, nao a caixa.
    0.00000   3.45660e+49   2.22667e+44   1.55236e+05   0.9999936   2.91656e+13   1.02323e+11   2.91656e+13   2.85035e+02  6.60752e-01   1.40862e+00  1.86796e+00  1.87500e+00  1.87184e+00      1.0038   0.00000e+00  0.00000e+00  0.00000e+00  0.00000e+00  0.00000e+00   0.00000e+00   0.00000e+00 0.00000e+00 4.77416e-01
    0.75205   1.67981e+49   1.39958e+47   1.20023e+02   0.9917371   3.30632e+13   3.19637e+12   3.30640e+13   1.03440e+01  7.49072e-01   1.40868e+00  1.95756e+00  1.96875e+00  1.97936e+00      1.0057  -3.67097e+42 -2.82851e-07 -4.03635e-04  6.98334e-07  0.00000e+00   1.07105e+43  -1.43815e+43-1.34275e+00 5.50865e-01
    1.75034   6.13027e+48   7.02129e+47   8.73097e+00   0.8972353   1.53462e+13   1.30516e+13   1.53955e+13   1.17581e+00  3.48789e-01   1.40864e+00  2.09631e+00  1.96875e+00  2.08563e+00      0.9391  -1.21269e+45 -8.47503e-05  1.45147e-02  5.54428e-07  0.00000e+00  -1.30027e+45   8.75782e+43 0.00000e+00 5.75347e-01
    2.66964   3.70276e+48   1.35779e+48   2.72705e+00   0.7316911   1.69389e+13   1.26609e+13   1.74320e+13   1.33790e+00  3.94925e-01   1.40837e+00  1.79109e+00  1.68750e+00  1.78700e+00      0.9422  -1.22594e+46 -1.16646e-03  4.72908e-03  1.20782e-03  0.00000e+00   1.47772e+44  -1.24072e+46-8.39612e+01 4.77416e-01
    3.62594   2.87490e+48   1.48854e+48   1.93135e+00   0.6588607   2.13294e+13   1.54591e+13   2.14621e+13   1.37973e+00  4.86227e-01   1.40867e+00  1.89829e+00  1.78125e+00  1.89092e+00      0.9383  -6.41056e+45 -5.41253e-04 -6.73689e-02 -1.01343e-04  0.00000e+00  -3.73114e+46   3.09008e+46 0.00000e+00 5.26382e-01
    4.53337   1.51750e+48   1.59081e+48   9.53917e-01   0.4882077   2.43087e+13   2.15042e+13   2.43794e+13   1.13042e+00  5.52320e-01   1.40867e+00  1.74385e+00  1.68750e+00  1.74815e+00      0.9677   1.10882e+46  1.12120e-03 -4.54785e-02  0.00000e+00  0.00000e+00   2.26517e+46  -1.15635e+46-5.10492e-01 4.77416e-01
    5.46189   7.88222e+47   1.34322e+48   5.86817e-01   0.3698077   1.75117e+13   1.56042e+13   1.76642e+13   1.12224e+00  4.00187e-01   1.40881e+00  1.84904e+00  1.78125e+00  1.84707e+00      0.9633   1.09719e+46  9.84709e-04 -9.16712e-02 -1.54607e-04  0.00000e+00  -6.51144e+46   7.60863e+46 0.00000e+00 5.01899e-01
    6.34676   6.94414e+47   1.35140e+48   5.13846e-01   0.3394309   2.17324e+13   1.58227e+13   2.19572e+13   1.37349e+00  4.97444e-01   1.40884e+00  1.74385e+00  1.68750e+00  1.73529e+00      0.9677   6.60750e+45  6.75872e-04  1.53576e-02  0.00000e+00  0.00000e+00  -1.27297e+46   1.93372e+46 0.00000e+00 4.77416e-01
    7.26071   5.48468e+47   1.40565e+48   3.90189e-01   0.2806734   1.31256e+13   1.32805e+13   1.48590e+13   9.88341e-01  3.36633e-01   1.40892e+00  1.82030e+00  1.78125e+00  1.84463e+00      0.9785   2.38372e+46  2.14852e-03  1.67500e-01 -1.45015e-04  0.00000e+00   1.30945e+47  -1.07108e+47-8.17960e-01 5.01899e-01
    8.14700   6.38681e+47   1.59945e+48   3.99313e-01   0.2853637   1.56493e+13   1.54641e+13   1.75409e+13   1.01198e+00  3.97392e-01   1.40896e+00  1.74385e+00  1.68750e+00  1.74486e+00      0.9677   3.19243e+46  3.23265e-03 -2.68180e-02  0.00000e+00  0.00000e+00   4.88411e+45   2.70402e+46 5.53636e+00 4.77416e-01
    9.05725   5.94210e+47   1.39767e+48   4.25143e-01   0.2983159   1.22649e+13   1.40858e+13   1.42374e+13   8.70727e-01  3.22551e-01   1.40901e+00  1.82030e+00  1.78125e+00  1.83607e+00      0.9785   1.66331e+46  1.51139e-03 -8.79478e-02  1.10257e-02  0.00000e+00  -5.95277e+46   7.61608e+46 0.00000e+00 5.01899e-01
    9.94811   5.60849e+47   1.54676e+48   3.62596e-01   0.2661069   1.23717e+13   1.42208e+13   1.46382e+13   8.69977e-01  3.31632e-01   1.40906e+00  1.74385e+00  1.68750e+00  1.74594e+00      0.9677  -3.29567e+45 -3.34108e-04 -1.88468e-02  0.00000e+00  0.00000e+00   4.21274e+46  -4.54231e+46-1.07823e+00 4.77416e-01
   10.85830   5.45106e+47   1.55533e+48   3.50477e-01   0.2595209   1.18508e+13   1.59942e+13   1.60229e+13   7.40943e-01  3.63001e-01   1.40911e+00  1.82030e+00  1.78125e+00  1.83418e+00      0.9785   4.12098e+45  3.76244e-04  2.39121e-02  2.64318e-02  0.00000e+00   3.87887e+46  -3.46677e+46-8.93758e-01 5.01899e-01
   11.72947   7.61895e+47   1.85490e+48   4.10748e-01   0.2911560   1.67098e+13   1.77782e+13   1.81089e+13   9.39908e-01  4.10261e-01   1.40916e+00  1.74385e+00  1.68750e+00  1.75090e+00      0.9677  -3.02112e+45 -3.04538e-04 -1.69559e-01  0.00000e+00  0.00000e+00  -1.25957e+47   1.22936e+47 0.00000e+00 4.77416e-01
   12.62015   7.68625e+47   1.99613e+48   3.85058e-01   0.2780088   2.47341e+13   2.03217e+13   2.50973e+13   1.21713e+00  5.68583e-01   1.40921e+00  1.82030e+00  1.78125e+00  1.83729e+00      0.9785  -1.05246e+46 -9.56465e-04 -1.15187e-01  9.79493e-03  0.00000e+00  -1.58836e+47   1.48312e+47 0.00000e+00 5.01899e-01
   13.50002   1.12879e+48   2.47552e+48   4.55981e-01   0.3131778   2.99735e+13   3.34358e+13   3.84539e+13   8.96449e-01  8.71180e-01   1.40926e+00  1.74385e+00  1.68750e+00  1.75614e+00      0.9677  -1.75103e+46 -1.75196e-03 -1.87257e-01  0.00000e+00  0.00000e+00  -1.79856e+47   1.62346e+47 0.00000e+00 4.77416e-01
   14.40359   1.30585e+48   2.86325e+48   4.56072e-01   0.3132206   2.21264e+13   3.26010e+13   3.26015e+13   6.78702e-01  7.38592e-01   1.40932e+00  1.86088e+00  1.78125e+00  1.86415e+00      0.9572  -2.17131e+46 -1.90987e-03 -2.27419e-01 -8.93120e-03  0.00000e+00  -2.58018e+47   2.36305e+47 0.00000e+00 5.01899e-01
   15.28670   1.48021e+48   2.87145e+48   5.15492e-01   0.3401482   1.76847e+13   1.39332e+13   1.79674e+13   1.26925e+00  4.07055e-01   1.40939e+00  1.89829e+00  1.78125e+00  1.80774e+00      0.9383  -2.26884e+46 -2.15230e-03 -1.35527e-01 -3.30549e-02  0.00000e+00  -5.92102e+46   3.65219e+46 0.00000e+00 4.77416e-01
   16.19077   1.30043e+48   2.11771e+48   6.14073e-01   0.3804492   1.17655e+13   1.70549e+13   1.72626e+13   6.89859e-01  3.91088e-01   1.40943e+00  2.46618e+00  1.96875e+00  2.00272e+00      0.7983  -1.25002e+46 -1.06653e-03 -2.18875e-02 -2.52772e-01  0.00000e+00  -5.39952e+46   4.14950e+46 0.00000e+00 5.26382e-01
   16.75517   1.27893e+48   2.01132e+48   6.35865e-01   0.3887026   1.42784e+13   1.73698e+13   1.80225e+13   8.22024e-01  4.08304e-01   1.40911e+00  2.26945e+00  1.87500e+00  1.78531e+00      0.8262   1.62086e+46  1.71996e-03  8.81225e-02 -2.10894e-01  0.00000e+00   1.37960e+47  -1.21751e+47-8.82512e-01 4.77416e-01
   17.05223   1.18684e+48   2.05324e+48   5.78035e-01   0.3663004   1.21764e+13   1.27626e+13   1.32495e+13   9.54066e-01  3.00170e-01   1.40917e+00  2.25780e+00  1.87500e+00  1.81724e+00      0.8305   3.54073e+46  3.66943e-03  1.88164e-01 -1.19224e-01  0.00000e+00   2.33640e+47  -1.98232e+47-8.48453e-01 4.77416e-01
   17.60727   1.01649e+48   2.33514e+48   4.35300e-01   0.3032817   1.20164e+13   1.16678e+13   1.36372e+13   1.02987e+00  3.08953e-01   1.40935e+00  2.41031e+00  2.06250e+00  1.97901e+00      0.8557   7.45559e+46  6.52394e-03  1.26786e-01 -1.21456e-01  0.00000e+00   1.45196e+47  -7.06397e+46-4.86514e-01 5.01899e-01
   18.28591   8.46634e+47   2.72467e+48   3.10729e-01   0.2370657   1.48765e+13   1.37182e+13   1.75254e+13   1.08444e+00  3.97042e-01   1.40913e+00  2.40300e+00  1.96875e+00  1.81514e+00      0.8193   1.15033e+47  1.16865e-02 -4.10465e-02 -6.65257e-02  0.00000e+00  -4.19754e+46   1.57008e+47 0.00000e+00 4.77416e-01
   18.76651   8.95493e+47   3.09084e+48   2.89725e-01   0.2246409   1.60895e+13   1.53849e+13   1.89014e+13   1.04579e+00  4.28214e-01   1.40913e+00  2.35124e+00  1.87500e+00  1.77732e+00      0.7975   1.44274e+47  1.55377e-02  2.75664e-02 -3.57323e-03  0.00000e+00   5.40277e+46   9.02460e+46 1.67037e+00 4.77416e-01
   19.11188   9.38809e+47   2.91906e+48   3.21613e-01   0.2433489   1.47545e+13   1.46249e+13   1.51814e+13   1.00887e+00  3.43937e-01   1.40928e+00  2.30595e+00  1.87500e+00  1.88623e+00      0.8131   1.61092e+47  1.55027e-02  8.98221e-02  4.10429e-02  0.00000e+00   1.39736e+47   2.13562e+46 1.52833e-01 4.77416e-01
   19.65358   9.03161e+47   2.74428e+48   3.29107e-01   0.2476150   1.43355e+13   1.16089e+13   1.43464e+13   1.23488e+00  3.25021e-01   1.40928e+00  2.34937e+00  1.87500e+00  1.91500e+00      0.7981   1.74555e+47  1.59936e-02  1.90324e-01  1.59616e-02  0.00000e+00   2.82485e+47  -1.07930e+47-3.82074e-01 5.01899e-01
   19.98473   8.06165e+47   2.56175e+48   3.14693e-01   0.2393661   1.36513e+13   1.23876e+13   1.37303e+13   1.10202e+00  3.11063e-01   1.40916e+00  2.31545e+00  1.78125e+00  1.81121e+00      0.7693   1.81571e+47  1.86728e-02  2.36737e-01  8.56899e-03  0.00000e+00   3.03246e+47  -1.21675e+47-4.01242e-01 4.77416e-01
   20.41424   7.53084e+47   2.67692e+48   2.81325e-01   0.2195579   1.53516e+13   1.54373e+13   1.59747e+13   9.94447e-01  3.61909e-01   1.40909e+00  2.26945e+00  1.68750e+00  1.71974e+00      0.7436   2.02015e+47  2.29921e-02  2.86026e-01 -2.90283e-02  0.00000e+00   3.24666e+47  -1.22650e+47-3.77774e-01 4.77416e-01
   20.74871   7.56693e+47   2.64439e+48   2.86150e-01   0.2224857   1.48557e+13   1.62228e+13   1.62795e+13   9.15728e-01  3.68816e-01   1.40922e+00  2.25780e+00  1.87500e+00  1.82209e+00      0.8305   2.31182e+47  2.37424e-02  2.67458e-01  8.65943e-02  0.00000e+00   2.65255e+47  -3.40732e+46-1.28455e-01 4.77416e-01
   21.21241   7.86792e+47   2.56130e+48   3.07184e-01   0.2349970   1.34059e+13   1.63755e+13   1.63765e+13   8.18653e-01  3.71012e-01   1.40936e+00  2.32114e+00  1.96875e+00  1.94569e+00      0.8482   2.68295e+47  2.40223e-02  2.24746e-01  6.32564e-02  0.00000e+00   2.36905e+47   3.13897e+46 1.32499e-01 5.01899e-01
   21.70652   8.02639e+47   2.66100e+48   3.01630e-01   0.2317327   1.44355e+13   1.71359e+13   1.76805e+13   8.42408e-01  4.00556e-01   1.40920e+00  2.34375e+00  1.87500e+00  1.81950e+00      0.8000   2.96097e+47  2.99177e-02  2.65929e-01 -1.46807e-01  0.00000e+00   2.25175e+47   7.09222e+46 3.14965e-01 4.77416e-01
   22.13040   8.19896e+47   2.88236e+48   2.84453e-01   0.2214586   1.53197e+13   1.95943e+13   2.05517e+13   7.81843e-01  4.65603e-01   1.40911e+00  2.26945e+00  1.68750e+00  1.71270e+00      0.7436   3.19535e+47  3.64267e-02  2.65442e-01 -7.87765e-02  0.00000e+00   2.44046e+47   7.54896e+46 3.09326e-01 4.77416e-01
   22.37343   8.20799e+47   2.86172e+48   2.86820e-01   0.2228903   1.32721e+13   1.83391e+13   1.87840e+13   7.23702e-01  4.25556e-01   1.40918e+00  2.26945e+00  1.87500e+00  1.75913e+00      0.8262   3.34960e+47  3.64229e-02  2.33487e-01 -5.83999e-02  0.00000e+00   1.95865e+47   1.39095e+47 7.10157e-01 4.77416e-01
   22.83194   8.30216e+47   2.72209e+48   3.04992e-01   0.2337117   1.49151e+13   1.53781e+13   1.56243e+13   9.69891e-01  3.53970e-01   1.40938e+00  2.32870e+00  1.96875e+00  1.92262e+00      0.8454   3.56221e+47  3.28078e-02  1.73624e-01  5.06771e-03  0.00000e+00   1.66213e+47   1.90009e+47 1.14317e+00 5.01899e-01
   23.44949   8.28244e+47   2.70404e+48   3.06298e-01   0.2344779   1.81760e+13   1.62177e+13   1.98878e+13   1.12075e+00  4.50562e-01   1.40926e+00  2.32870e+00  1.96875e+00  1.81619e+00      0.8454   3.63508e+47  3.64425e-02  1.20623e-01  6.78215e-02  0.00000e+00   8.10255e+46   2.82482e+47 3.48634e+00 4.77416e-01
   23.97576   9.11714e+47   2.95340e+48   3.08699e-01   0.2358826   1.96645e+13   1.70157e+13   2.00138e+13   1.15567e+00  4.53416e-01   1.40921e+00  2.26945e+00  1.87500e+00  1.71794e+00      0.8262   3.58902e+47  4.00225e-02  7.89318e-02  8.08489e-02  0.00000e+00   4.03410e+46   3.18561e+47 7.89671e+00 4.77416e-01
   24.44390   9.23977e+47   2.79141e+48   3.31007e-01   0.2486891   1.56345e+13   1.65625e+13   1.65950e+13   9.43970e-01  3.75962e-01   1.40943e+00  2.26945e+00  1.96875e+00  1.87359e+00      0.8675   3.39792e+47  3.21730e-02  5.58375e-02  1.14080e-01  0.00000e+00   2.17127e+46   3.18079e+47 1.46494e+01 4.77416e-01
   24.88902   8.61611e+47   2.59996e+48   3.31394e-01   0.2489075   1.23551e+13   1.75984e+13   1.76953e+13   7.02056e-01  4.00890e-01   1.40947e+00  2.32114e+00  2.06250e+00  1.90448e+00      0.8886   3.24034e+47  2.90762e-02  2.56205e-02  1.11787e-01  0.00000e+00   1.59366e+46   3.08097e+47 1.93327e+01 5.01899e-01
   25.21948   8.14542e+47   2.48470e+48   3.27823e-01   0.2468878   1.34412e+13   1.48248e+13   1.51060e+13   9.06670e-01  3.42230e-01   1.40936e+00  2.28873e+00  2.06250e+00  1.80384e+00      0.9012   3.16769e+47  3.16328e-02  1.57492e-02  1.17395e-01  0.00000e+00   3.68476e+46   2.79921e+47 7.59673e+00 4.77416e-01
   25.54270   7.95410e+47   2.52357e+48   3.15192e-01   0.2396548   1.34431e+13   1.81740e+13   1.84068e+13   7.39689e-01  4.17010e-01   1.40927e+00  2.25780e+00  1.96875e+00  1.70091e+00      0.8720   3.12025e+47  3.52172e-02  1.22475e-03  3.34805e-02  0.00000e+00   6.47139e+46   2.47311e+47 3.82160e+00 4.77416e-01
   25.79930   7.75642e+47   2.55529e+48   3.03543e-01   0.2328603   1.11791e+13   1.55242e+13   1.56435e+13   7.20111e-01  3.54407e-01   1.40930e+00  2.19663e+00  1.78125e+00  1.70473e+00      0.8109   3.06015e+47  3.45662e-02  1.80561e-02  4.75887e-02  0.00000e+00   8.63163e+46   2.19699e+47 2.54527e+00 4.77416e-01
   25.97542   7.39559e+47   2.47753e+48   2.98507e-01   0.2298847   1.00144e+13   1.65400e+13   1.65400e+13   6.05465e-01  3.74718e-01   1.40937e+00  2.25780e+00  1.87500e+00  1.75977e+00      0.8305   3.02115e+47  3.22242e-02  3.86414e-02  4.66084e-02  0.00000e+00   9.42736e+46   2.07842e+47 2.20467e+00 4.77416e-01
   26.07379   7.17439e+47   2.38820e+48   3.00410e-01   0.2310118   9.08663e+12   1.42137e+13   1.42522e+13   6.39287e-01  3.22886e-01   1.40942e+00  2.25780e+00  2.06250e+00  1.80045e+00      0.9135   2.99645e+47  3.06465e-02  4.75847e-02  4.53153e-02  0.00000e+00   9.43361e+46   2.05309e+47 2.17636e+00 4.77416e-01
   26.16042   7.00629e+47   2.30905e+48   3.03428e-01   0.2327922   8.24608e+12   1.17050e+13   1.18605e+13   7.04489e-01  2.68703e-01   1.40946e+00  2.19663e+00  2.06250e+00  1.83809e+00      0.9389   2.97221e+47  2.92975e-02  5.34168e-02  5.59629e-02  0.00000e+00   9.23701e+46   2.04851e+47 2.21772e+00 4.77416e-01
   26.28148   6.79541e+47   2.21292e+48   3.07079e-01   0.2349353   7.40952e+12   1.09220e+13   1.11731e+13   6.78401e-01  2.53128e-01   1.40950e+00  2.20661e+00  2.06250e+00  1.87829e+00      0.9347   2.93035e+47  2.76194e-02  5.83923e-02  7.27346e-02  0.00000e+00   8.78238e+46   2.05211e+47 2.33662e+00 4.77416e-01
   26.45712   6.58474e+47   2.12670e+48   3.09622e-01   0.2364210   6.76842e+12   1.05989e+13   1.06895e+13   6.38600e-01  2.42172e-01   1.40952e+00  2.25780e+00  2.06250e+00  1.91099e+00      0.9135   2.86952e+47  2.59962e-02  6.34299e-02  1.01228e-01  0.00000e+00   1.04021e+47   1.82931e+47 1.75859e+00 5.01899e-01
   26.71574   6.40953e+47   2.10243e+48   3.04863e-01   0.2336362   7.16222e+12   1.26598e+13   1.27737e+13   5.65744e-01  2.89390e-01   1.40947e+00  2.28296e+00  2.06250e+00  1.88844e+00      0.9034   2.80933e+47  2.57777e-02  6.88296e-02  1.28194e-01  0.00000e+00   9.42853e+46   1.86648e+47 1.97961e+00 5.01899e-01
   26.95375   6.32326e+47   2.13237e+48   2.96537e-01   0.2287144   7.71360e+12   1.40247e+13   1.40474e+13   5.50001e-01  3.18247e-01   1.40938e+00  2.26945e+00  1.87500e+00  1.81494e+00      0.8262   2.75849e+47  2.74590e-02  7.04767e-02  7.40047e-02  0.00000e+00   7.42623e+46   2.01587e+47 2.71453e+00 4.77416e-01
   27.18661   6.36641e+47   2.21437e+48   2.87504e-01   0.2233033   8.60565e+12   1.52769e+13   1.54190e+13   5.63310e-01  3.49320e-01   1.40929e+00  2.21258e+00  1.96875e+00  1.72788e+00      0.8898   2.70521e+47  2.98496e-02  7.73415e-02  7.92309e-02  0.00000e+00   8.44240e+46   1.86097e+47 2.20431e+00 4.77416e-01
   27.49910   6.74862e+47   2.41633e+48   2.79293e-01   0.2183181   1.10860e+13   1.67824e+13   1.68473e+13   6.60573e-01  3.81679e-01   1.40927e+00  2.19663e+00  1.96875e+00  1.68566e+00      0.8963   2.58787e+47  3.02137e-02  5.82676e-02  5.18449e-02  0.00000e+00   8.16497e+46   1.77137e+47 2.16947e+00 4.77416e-01
   27.89491   7.17769e+47   2.61078e+48   2.74925e-01   0.2156401   1.17288e+13   1.49151e+13   1.49154e+13   7.86370e-01  3.37910e-01   1.40947e+00  2.16439e+00  2.06250e+00  1.83473e+00      0.9529   2.44536e+47  2.46377e-02 -3.48097e-03  1.59786e-01  0.00000e+00   3.12014e+46   2.13335e+47 6.83735e+00 4.77416e-01
   28.33140   6.59505e+47   2.65601e+48   2.48306e-01   0.1989146   1.15977e+13   1.44898e+13   1.45135e+13   8.00403e-01  3.28805e-01   1.40959e+00  2.22841e+00  1.96875e+00  1.94778e+00      0.8835   2.34048e+47  2.09519e-02 -5.48726e-02  9.93920e-02  0.00000e+00  -1.28575e+46   2.46906e+47 0.00000e+00 5.01899e-01
   28.79648   6.06620e+47   2.72170e+48   2.22882e-01   0.1822599   1.05416e+13   1.68769e+13   1.68833e+13   6.24616e-01  3.82494e-01   1.40941e+00  2.28104e+00  2.06250e+00  1.80856e+00      0.9042   2.22784e+47  2.29601e-02 -1.15865e-01 -2.13502e-02  0.00000e+00  -7.35864e+46   2.96371e+47 0.00000e+00 4.77416e-01
   29.17796   6.27287e+47   2.87027e+48   2.18546e-01   0.1793500   1.33147e+13   1.82321e+13   1.83095e+13   7.30289e-01  4.14806e-01   1.40932e+00  2.13783e+00  1.96875e+00  1.70577e+00      0.9209   2.17562e+47  2.53727e-02 -1.64321e-01  8.54109e-02  0.00000e+00  -1.10908e+47   3.28470e+47 0.00000e+00 4.77416e-01
   29.41021   6.37587e+47   2.85499e+48   2.23324e-01   0.1825547   1.13536e+13   1.70377e+13   1.70508e+13   6.66379e-01  3.86289e-01   1.40940e+00  2.07101e+00  1.87500e+00  1.75913e+00      0.9054   2.15636e+47  2.41255e-02 -1.44323e-01  6.23111e-03  0.00000e+00  -1.11753e+47   3.27389e+47 0.00000e+00 4.77416e-01
   29.58680   6.33072e+47   2.76959e+48   2.28580e-01   0.1860520   9.85885e+12   1.51387e+13   1.57538e+13   6.51234e-01  3.56905e-01   1.40948e+00  2.18862e+00  1.96875e+00  1.82820e+00      0.8995   2.15606e+47  2.23666e-02 -1.14956e-01  7.67728e-02  0.00000e+00  -1.02037e+47   3.17643e+47 0.00000e+00 4.77416e-01
   29.81892   6.20083e+47   2.67473e+48   2.31830e-01   0.1881996   9.40508e+12   1.32146e+13   1.32445e+13   7.11716e-01  3.00057e-01   1.40957e+00  2.28104e+00  2.06250e+00  1.91436e+00      0.9042   2.15152e+47  2.02910e-02 -8.05392e-02  8.00779e-02  0.00000e+00  -8.12570e+46   2.96409e+47 0.00000e+00 4.77416e-01
   30.08550   6.04370e+47   2.57483e+48   2.34722e-01   0.1901010   8.53499e+12   1.43006e+13   1.43462e+13   5.96826e-01  3.25017e-01   1.40955e+00  2.28104e+00  2.15625e+00  1.92736e+00      0.9453   2.13353e+47  1.92978e-02 -4.86866e-02  4.57573e-02  0.00000e+00  -6.73798e+46   2.80733e+47 0.00000e+00 5.01899e-01
   30.33081   5.94226e+47   2.51449e+48   2.36321e-01   0.1911486   9.10495e+12   1.31073e+13   1.31073e+13   6.94648e-01  2.96948e-01   1.40945e+00  2.28104e+00  2.15625e+00  1.86961e+00      0.9453   2.08960e+47  1.98083e-02 -2.04707e-02  4.91645e-02  0.00000e+00  -4.15063e+46   2.50467e+47 0.00000e+00 4.77416e-01
   30.58160   5.89461e+47   2.52883e+48   2.33096e-01   0.1890332   1.03058e+13   1.43221e+13   1.43221e+13   7.19579e-01  3.24469e-01   1.40934e+00  2.34375e+00  2.15625e+00  1.77380e+00      0.9200   2.01741e+47  2.12731e-02  7.45454e-03  9.53470e-03  0.00000e+00  -2.84338e+46   2.30175e+47 0.00000e+00 4.77416e-01
   30.80292   5.91103e+47   2.61481e+48   2.26059e-01   0.1843789   1.05474e+13   1.48425e+13   1.48446e+13   7.10621e-01  3.36308e-01   1.40927e+00  2.20661e+00  2.06250e+00  1.69796e+00      0.9347   1.93656e+47  2.22453e-02  2.11403e-02  2.13327e-02  0.00000e+00  -2.15556e+46   2.15211e+47 0.00000e+00 4.77416e-01
   31.00498   5.91175e+47   2.72058e+48   2.17297e-01   0.1785080   1.16029e+13   1.44043e+13   1.51174e+13   8.05513e-01  3.42487e-01   1.40927e+00  2.11510e+00  2.06250e+00  1.68378e+00      0.9751   1.85412e+47  2.16566e-02  2.07621e-02 -2.56919e-03  0.00000e+00  -1.61146e+46   2.01527e+47 0.00000e+00 4.77416e-01
   31.15475   5.87422e+47   2.75306e+48   2.13371e-01   0.1758498   1.16854e+13   1.53211e+13   1.53682e+13   7.62700e-01  3.48169e-01   1.40932e+00  2.23629e+00  2.06250e+00  1.72091e+00      0.9223   1.79668e+47  2.02536e-02  1.89077e-02 -1.49922e-02  0.00000e+00  -9.90047e+45   1.89568e+47 0.00000e+00 4.77416e-01
   31.23737   5.83112e+47   2.73568e+48   2.13151e-01   0.1757000   1.10829e+13   1.54502e+13   1.54820e+13   7.17330e-01  3.50748e-01   1.40936e+00  2.23629e+00  2.06250e+00  1.75087e+00      0.9223   1.76721e+47  1.92972e-02  2.06102e-02 -3.55186e-02  0.00000e+00  -4.85947e+45   1.81580e+47 0.00000e+00 4.77416e-01
   31.30937   5.77925e+47   2.70845e+48   2.13378e-01   0.1758548   1.02597e+13   1.52667e+13   1.52869e+13   6.72035e-01  3.46327e-01   1.40940e+00  2.23629e+00  1.96875e+00  1.78018e+00      0.8804   1.74299e+47  1.84476e-02  2.32329e-02 -3.44095e-02  0.00000e+00  -2.45961e+43   1.74324e+47 0.00000e+00 4.77416e-01
   31.37795   5.72833e+47   2.67593e+48   2.14069e-01   0.1763233   1.02210e+13   1.49070e+13   1.49231e+13   6.85652e-01  3.38085e-01   1.40943e+00  2.23629e+00  2.06250e+00  1.80778e+00      0.9223   1.72197e+47  1.76778e-02  2.62476e-02 -4.36984e-02  0.00000e+00   4.72252e+45   1.67474e+47 3.54629e+01 4.77416e-01
   31.44132   5.67673e+47   2.64121e+48   2.14929e-01   0.1769069   1.00753e+13   1.43369e+13   1.43532e+13   7.02750e-01  3.25174e-01   1.40945e+00  2.13783e+00  2.06250e+00  1.83037e+00      0.9648   1.70557e+47  1.70402e-02  2.94165e-02 -4.73828e-02  0.00000e+00   9.13021e+45   1.61427e+47 1.76805e+01 4.77416e-01
   31.50603   5.62475e+47   2.60218e+48   2.16155e-01   0.1777364   9.91940e+12   1.35376e+13   1.35558e+13   7.32730e-01  3.07108e-01   1.40948e+00  2.13783e+00  2.06250e+00  1.85408e+00      0.9648   1.69147e+47  1.64752e-02  3.38040e-02 -4.06838e-02  0.00000e+00   1.37679e+46   1.55379e+47 1.12855e+01 4.77416e-01
   31.59015   5.54980e+47   2.55171e+48   2.17493e-01   0.1786401   9.73339e+12   1.25403e+13   1.25578e+13   7.76172e-01  2.84500e-01   1.40950e+00  2.13783e+00  2.15625e+00  1.87913e+00      1.0086   1.67513e+47  1.58736e-02  4.33461e-02 -4.80489e-02  0.00000e+00   2.05298e+46   1.46983e+47 7.15952e+00 4.77416e-01
   31.70910   5.43329e+47   2.48203e+48   2.18905e-01   0.1795917   9.36987e+12   1.15766e+13   1.15777e+13   8.09383e-01  2.62295e-01   1.40951e+00  2.16439e+00  2.15625e+00  1.89551e+00      0.9962   1.66134e+47  1.53614e-02  5.95647e-02 -7.68634e-02  0.00000e+00   2.13914e+46   1.44742e+47 6.76637e+00 5.01899e-01
   31.81990   5.32886e+47   2.41341e+48   2.20802e-01   0.1808665   8.66209e+12   1.10501e+13   1.10610e+13   7.83896e-01  2.50589e-01   1.40950e+00  2.18057e+00  2.15625e+00  1.89538e+00      0.9888   1.66714e+47  1.53365e-02  6.91482e-02 -8.50013e-02  0.00000e+00   3.33481e+46   1.33365e+47 3.99920e+00 5.01899e-01
   31.91442   5.23490e+47   2.35943e+48   2.21871e-01   0.1815831   7.91511e+12   1.11634e+13   1.11688e+13   7.09025e-01  2.53030e-01   1.40948e+00  2.31545e+00  2.15625e+00  1.88401e+00      0.9312   1.67212e+47  1.55359e-02  7.33267e-02 -9.14482e-02  0.00000e+00   4.29523e+46   1.24260e+47 2.89298e+00 5.01899e-01
   32.01556   5.13001e+47   2.31165e+48   2.21920e-01   0.1816160   7.25682e+12   1.12603e+13   1.12636e+13   6.44461e-01  2.55180e-01   1.40945e+00  2.34375e+00  2.15625e+00  1.86132e+00      0.9200   1.67273e+47  1.59306e-02  6.83393e-02 -9.29992e-02  0.00000e+00   5.67870e+46   1.10486e+47 1.94562e+00 4.77416e-01
   32.12522   5.02431e+47   2.26731e+48   2.21598e-01   0.1814003   7.61658e+12   1.13853e+13   1.13910e+13   6.68983e-01  2.58064e-01   1.40940e+00  2.34375e+00  2.25000e+00  1.82454e+00      0.9600   1.66879e+47  1.65577e-02  5.99633e-02 -6.60409e-02  0.00000e+00   5.62238e+46   1.10655e+47 1.96812e+00 4.77416e-01
   32.21689   4.96045e+47   2.23591e+48   2.21853e-01   0.1815712   7.60702e+12   1.14393e+13   1.14457e+13   6.64990e-01  2.59304e-01   1.40936e+00  2.34375e+00  2.25000e+00  1.78649e+00      0.9600   1.66008e+47  1.71882e-02  5.32293e-02 -3.12675e-02  0.00000e+00   5.21877e+46   1.13821e+47 2.18099e+00 4.77416e-01
   32.30424   4.92997e+47   2.21723e+48   2.22348e-01   0.1819025   7.83251e+12   1.17160e+13   1.17998e+13   6.68529e-01  2.67327e-01   1.40932e+00  2.36614e+00  2.25000e+00  1.75019e+00      0.9509   1.64777e+47  1.78353e-02  4.81114e-02 -1.71242e-02  0.00000e+00   4.58886e+46   1.18888e+47 2.59080e+00 4.77416e-01
   32.40358   4.92744e+47   2.21020e+48   2.22941e-01   0.1822990   8.43704e+12   1.20252e+13   1.21603e+13   7.01614e-01  2.75493e-01   1.40927e+00  2.36614e+00  2.15625e+00  1.70885e+00      0.9113   1.62823e+47  1.85249e-02  4.08758e-02 -3.52471e-02  0.00000e+00   3.69673e+46   1.25856e+47 3.40453e+00 4.77416e-01
   32.54946   4.96865e+47   2.23547e+48   2.22265e-01   0.1818466   8.87027e+12   1.30137e+13   1.32413e+13   6.81612e-01  2.99983e-01   1.40923e+00  2.13783e+00  2.15625e+00  1.65909e+00      1.0086   1.59118e+47  1.91623e-02  2.61272e-02 -1.67976e-03  0.00000e+00   2.26960e+46   1.36422e+47 6.01085e+00 4.77416e-01
   32.83070   5.18410e+47   2.36361e+48   2.19330e-01   0.1798775   8.32323e+12   1.47836e+13   1.50899e+13   5.63004e-01  3.41864e-01   1.40927e+00  2.11510e+00  2.15625e+00  1.67073e+00      1.0195   1.49588e+47  1.78379e-02  1.78640e-02 -2.09774e-02  0.00000e+00   1.14694e+45   1.48441e+47 1.29423e+02 4.77416e-01
   33.08619   5.26336e+47   2.32804e+48   2.26086e-01   0.1843962   7.88759e+12   1.35099e+13   1.35999e+13   5.83838e-01  3.08109e-01   1.40942e+00  2.41940e+00  2.06250e+00  1.78747e+00      0.8525   1.40339e+47  1.47482e-02  2.29711e-02 -4.87513e-02  0.00000e+00  -6.49160e+44   1.40989e+47 0.00000e+00 4.77416e-01
   33.29997   5.17816e+47   2.22452e+48   2.32777e-01   0.1888232   7.24619e+12   1.27607e+13   1.29702e+13   5.67854e-01  2.93842e-01   1.40953e+00  2.41940e+00  2.06250e+00  1.88529e+00      0.8525   1.33900e+47  1.26685e-02  2.95402e-02 -4.02985e-02  0.00000e+00   2.92240e+45   1.30977e+47 4.48183e+01 4.77416e-01
   33.56789   5.02522e+47   2.09356e+48   2.40032e-01   0.1935693   6.88648e+12   1.22645e+13   1.29131e+13   5.61499e-01  2.92549e-01   1.40954e+00  2.16439e+00  2.15625e+00  1.91409e+00      0.9962   1.28220e+47  1.15371e-02  3.93307e-02 -1.11349e-02  0.00000e+00  -6.10692e+45   1.34327e+47 0.00000e+00 5.01899e-01
   33.80842   4.83889e+47   1.99494e+48   2.42559e-01   0.1952089   7.14113e+12   1.29630e+13   1.34816e+13   5.50887e-01  3.05429e-01   1.40947e+00  2.16439e+00  2.15625e+00  1.85861e+00      0.9962   1.25610e+47  1.19097e-02  5.75344e-02 -9.82082e-03  0.00000e+00   1.59280e+46   1.09682e+47 6.88612e+00 4.77416e-01
   34.02310   4.70275e+47   1.96300e+48   2.39569e-01   0.1932682   7.26640e+12   1.38213e+13   1.43024e+13   5.25739e-01  3.24022e-01   1.40936e+00  2.13783e+00  2.15625e+00  1.76641e+00      1.0086   1.24883e+47  1.31854e-02  6.99516e-02 -4.30717e-02  0.00000e+00   3.23515e+46   9.25311e+46 2.86018e+00 4.77416e-01
   34.21107   4.69579e+47   2.01428e+48   2.33126e-01   0.1890526   1.01067e+13   1.42563e+13   1.44090e+13   7.08927e-01  3.26439e-01   1.40927e+00  2.11510e+00  2.15625e+00  1.67963e+00      1.0195   1.25345e+47  1.46382e-02  7.18262e-02 -1.63306e-02  0.00000e+00   5.06667e+46   7.46780e+46 1.47391e+00 4.77416e-01
   34.38734   4.77185e+47   2.11595e+48   2.25518e-01   0.1840184   1.16057e+13   1.42485e+13   1.44946e+13   8.14515e-01  3.28377e-01   1.40924e+00  2.13783e+00  2.15625e+00  1.63766e+00      1.0086   1.25052e+47  1.54191e-02  6.36364e-02 -3.91136e-03  0.00000e+00   6.31020e+46   6.19502e+46 9.81747e-01 4.28450e-01
   34.58662   4.77600e+47   2.18689e+48   2.18393e-01   0.1792465   1.04336e+13   1.48402e+13   1.49425e+13   7.03061e-01  3.38526e-01   1.40929e+00  2.13783e+00  2.15625e+00  1.66380e+00      1.0086   1.23986e+47  1.49169e-02  5.70679e-02  1.21279e-02  0.00000e+00   6.83859e+46   5.56001e+46 8.13034e-01 4.77416e-01
   34.75389   4.67489e+47   2.13946e+48   2.18507e-01   0.1793238   7.45667e+12   1.44231e+13   1.48475e+13   5.16997e-01  3.36373e-01   1.40939e+00  2.13783e+00  2.06250e+00  1.74549e+00      0.9648   1.23585e+47  1.36438e-02  5.61814e-02 -5.13585e-02  0.00000e+00   7.18802e+46   5.17050e+46 7.19322e-01 4.77416e-01
   34.93845   4.53234e+47   2.01751e+48   2.24651e-01   0.1834406   6.25300e+12   1.37794e+13   1.42008e+13   4.53795e-01  3.21722e-01   1.40952e+00  2.11510e+00  2.06250e+00  1.84928e+00      0.9751   1.21358e+47  1.19299e-02  5.96001e-02 -2.84856e-02  0.00000e+00   7.45498e+46   4.68084e+46 6.27881e-01 4.77416e-01
   35.09820   4.39870e+47   1.88632e+48   2.33189e-01   0.1890945   6.00751e+12   1.32727e+13   1.34287e+13   4.52621e-01  3.04231e-01   1.40961e+00  2.20661e+00  2.06250e+00  1.92766e+00      0.9347   1.18219e+47  1.07308e-02  6.09495e-02 -3.20193e-02  0.00000e+00   6.55864e+46   5.26322e+46 8.02487e-01 5.01899e-01
   35.42419   4.06674e+47   1.76745e+48   2.30090e-01   0.1870517   6.91811e+12   1.24583e+13   1.28590e+13   5.55301e-01  2.91324e-01   1.40958e+00  2.22841e+00  2.15625e+00  1.92648e+00      0.9676   1.10207e+47  9.67803e-03  4.04251e-02 -1.05550e-02  0.00000e+00   4.49829e+46   6.52242e+46 1.44998e+00 5.01899e-01
   35.74759   3.71624e+47   1.72230e+48   2.15773e-01   0.1774778   8.29890e+12   1.50271e+13   1.51108e+13   5.52264e-01  3.42339e-01   1.40941e+00  2.19463e+00  2.06250e+00  1.79108e+00      0.9398   1.03275e+47  1.05071e-02  1.34280e-02 -5.26920e-02  0.00000e+00   1.58221e+46   8.74533e+46 5.52727e+00 4.77416e-01
   36.00164   3.62325e+47   1.77502e+48   2.04124e-01   0.1695210   1.16571e+13   1.97406e+13   1.98609e+13   5.90516e-01  4.49953e-01   1.40927e+00  2.16439e+00  2.15625e+00  1.65165e+00      0.9962   9.85884e+46  1.18480e-02  2.48401e-04  7.86578e-03  0.00000e+00  -1.71076e+46   1.15696e+47 0.00000e+00 4.77416e-01
   36.20481   3.66332e+47   1.87621e+48   1.95251e-01   0.1633557   1.11069e+13   2.18870e+13   2.22461e+13   5.07463e-01  5.03990e-01   1.40923e+00  2.16439e+00  2.15625e+00  1.59809e+00      0.9962   9.20333e+46  1.17913e-02 -1.18817e-02  7.32233e-04  0.00000e+00  -2.63720e+46   1.18405e+47 0.00000e+00 4.28450e-01
   36.34339   3.74370e+47   1.92744e+48   1.94232e-01   0.1626418   1.16617e+13   2.15938e+13   2.20469e+13   5.40050e-01  4.99477e-01   1.40927e+00  2.04753e+00  2.15625e+00  1.62216e+00      1.0531   8.41387e+46  1.05552e-02 -1.97335e-02  2.00350e-02  0.00000e+00  -3.23430e+46   1.16482e+47 0.00000e+00 4.28450e-01
   36.45107   3.80827e+47   1.92976e+48   1.97344e-01   0.1648180   1.06259e+13   2.01355e+13   2.06408e+13   5.27718e-01  4.67621e-01   1.40933e+00  2.06463e+00  2.06250e+00  1.66375e+00      0.9990   7.72195e+46  9.22531e-03 -3.30432e-02  1.26845e-02  0.00000e+00  -4.49333e+46   1.22153e+47 0.00000e+00 4.77416e-01
   36.58170   3.89396e+47   1.90562e+48   2.04341e-01   0.1696701   8.60054e+12   1.76431e+13   1.80759e+13   4.87474e-01  4.09514e-01   1.40941e+00  1.93271e+00  1.96875e+00  1.73627e+00      1.0186   6.93049e+46  7.63913e-03 -5.50033e-02 -3.90693e-02  0.00000e+00  -4.76612e+46   1.16966e+47 0.00000e+00 4.77416e-01
   36.79599   4.03190e+47   1.83760e+48   2.19412e-01   0.1799324   8.18391e+12   1.38927e+13   1.42367e+13   5.89079e-01  3.22535e-01   1.40956e+00  2.05610e+00  1.96875e+00  1.85278e+00      0.9575   6.10341e+46  5.88336e-03 -7.16631e-02 -3.45955e-02  0.00000e+00  -4.23369e+46   1.03371e+47 0.00000e+00 4.77416e-01
   36.98399   4.03273e+47   1.76539e+48   2.28433e-01   0.1859548   7.85467e+12   1.24876e+13   1.28166e+13   6.28996e-01  2.90363e-01   1.40965e+00  2.15829e+00  2.06250e+00  1.92717e+00      0.9556   5.48488e+46  4.89749e-03 -6.81384e-02 -9.41964e-03  0.00000e+00  -4.02063e+46   9.50551e+46 0.00000e+00 5.01899e-01
   37.34509   3.93434e+47   1.75662e+48   2.23972e-01   0.1829876   9.16258e+12   1.26982e+13   1.34028e+13   7.21568e-01  3.03643e-01   1.40957e+00  2.16439e+00  2.06250e+00  1.88029e+00      0.9529   4.71172e+46  4.32803e-03 -3.58645e-02  4.58020e-02  0.00000e+00  -1.51620e+46   6.22793e+46 0.00000e+00 5.01899e-01
   37.71706   3.76999e+47   1.92705e+48   1.95635e-01   0.1636247   9.42140e+12   1.70885e+13   1.77431e+13   5.51329e-01  4.01974e-01   1.40938e+00  2.10677e+00  1.96875e+00  1.70419e+00      0.9345   4.63552e+46  5.23907e-03  4.05059e-02  3.63996e-02  0.00000e+00   2.12765e+46   2.50787e+46 1.17870e+00 4.77416e-01
   38.02426   3.93808e+47   2.10725e+48   1.86882e-01   0.1574565   8.71600e+12   1.69972e+13   1.75932e+13   5.12790e-01  3.98577e-01   1.40933e+00  2.05610e+00  1.78125e+00  1.62743e+00      0.8663   4.17758e+46  5.17269e-03  6.05449e-02  2.69515e-02  0.00000e+00   5.01466e+46  -8.37083e+45-1.66927e-01 4.28450e-01
   38.28176   4.20120e+47   2.02686e+48   2.07277e-01   0.1716894   9.02260e+12   1.53155e+13   1.56424e+13   5.89116e-01  3.54380e-01   1.40947e+00  2.02378e+00  1.87500e+00  1.72273e+00      0.9265   3.75957e+46  4.21517e-03  4.80032e-02  7.46343e-02  0.00000e+00   6.56776e+46  -2.80819e+46-4.27572e-01 4.77416e-01
   38.51242   4.31179e+47   1.84881e+48   2.33220e-01   0.1891146   8.53268e+12   1.47042e+13   1.47073e+13   5.80287e-01  3.33196e-01   1.40964e+00  2.01290e+00  2.06250e+00  1.85807e+00      1.0246   3.56183e+46  3.45984e-03  6.10430e-02  3.54342e-02  0.00000e+00   6.77521e+46  -3.21338e+46-4.74284e-01 4.77416e-01
   38.96205   4.44092e+47   1.73559e+48   2.55873e-01   0.2037413   1.00227e+13   1.33086e+13   1.33487e+13   7.53098e-01  3.02418e-01   1.40974e+00  2.13988e+00  2.15625e+00  1.93839e+00      1.0076   3.33400e+46  2.90171e-03  9.09770e-02  5.27244e-02  0.00000e+00   8.06913e+46  -4.73513e+46-5.86821e-01 5.01899e-01
   39.30527   4.00515e+47   1.62553e+48   2.46391e-01   0.1976835   8.83344e+12   1.49204e+13   1.52368e+13   5.92036e-01  3.45192e-01   1.40956e+00  2.05610e+00  2.15625e+00  1.79639e+00      1.0487   2.85303e+46  2.87596e-03  7.32870e-02  2.02144e-02  0.00000e+00   7.00085e+46  -4.14783e+46-5.92475e-01 4.77416e-01
   39.52991   3.85550e+47   1.62174e+48   2.37738e-01   0.1920747   1.04086e+13   1.61587e+13   1.61893e+13   6.44148e-01  3.66772e-01   1.40943e+00  2.06463e+00  2.06250e+00  1.67259e+00      0.9990   2.30631e+46  2.69874e-03  5.35402e-02  5.70839e-03  0.00000e+00   9.06160e+46  -6.75528e+46-7.45485e-01 4.77416e-01
   39.68794   3.89726e+47   1.64459e+48   2.36975e-01   0.1915762   1.21954e+13   1.75927e+13   1.76381e+13   6.93211e-01  3.99594e-01   1.40937e+00  2.02812e+00  2.15625e+00  1.60872e+00      1.0632   1.97053e+46  2.47619e-03  5.18363e-02  2.42379e-02  0.00000e+00   8.23172e+46  -6.26118e+46-7.60617e-01 4.28450e-01
   39.85340   3.93536e+47   1.67160e+48   2.35424e-01   0.1905612   1.39171e+13   1.80706e+13   1.81271e+13   7.70153e-01  4.10673e-01   1.40939e+00  1.93271e+00  2.06250e+00  1.61014e+00      1.0672   1.86228e+46  2.34846e-03  6.24178e-02 -2.40880e-02  0.00000e+00   8.18331e+46  -6.32103e+46-7.72429e-01 4.28450e-01
   40.11690   3.90987e+47   1.66609e+48   2.34673e-01   0.1900690   1.55738e+13   1.54986e+13   1.62093e+13   1.00485e+00  3.67226e-01   1.40956e+00  1.89829e+00  1.87500e+00  1.73379e+00      0.9877   1.99522e+46  2.19415e-03  7.45310e-02 -4.55553e-02  0.00000e+00   8.95689e+46  -6.96167e+46-7.77242e-01 4.77416e-01
   40.32516   3.79880e+47   1.56623e+48   2.42544e-01   0.1951997   1.38592e+13   1.38280e+13   1.43463e+13   1.00226e+00  3.25018e-01   1.40971e+00  1.99315e+00  2.06250e+00  1.85688e+00      1.0348   2.07213e+46  1.98401e-03  7.90175e-02 -7.80618e-02  0.00000e+00   7.80995e+46  -5.73782e+46-7.34680e-01 4.77416e-01
   40.64837   3.63797e+47   1.46608e+48   2.48143e-01   0.1988098   1.00491e+13   1.36936e+13   1.37164e+13   7.33856e-01  3.10747e-01   1.40980e+00  2.13783e+00  2.15625e+00  1.93597e+00      1.0086   2.12395e+46  1.83888e-03  8.12814e-02 -6.85683e-02  0.00000e+00   1.19153e+47  -9.79138e+46-8.21746e-01 5.01899e-01
   41.12318   3.14123e+47   1.33276e+48   2.35695e-01   0.1907386   1.25801e+13   1.61655e+13   1.61904e+13   7.78207e-01  3.66796e-01   1.40960e+00  2.05823e+00  2.06250e+00  1.75985e+00      1.0021   1.79237e+46  1.86302e-03  9.53716e-02  1.87268e-02  0.00000e+00   1.10990e+47  -9.30661e+46-8.38511e-01 4.77416e-01
   41.71804   3.23450e+47   1.44798e+48   2.23380e-01   0.1825926   1.33129e+13   1.71253e+13   1.73328e+13   7.77383e-01  3.92678e-01   1.40959e+00  1.74385e+00  1.68750e+00  1.66361e+00      0.9677   6.46400e+45  7.48182e-04  6.21664e-02  0.00000e+00  0.00000e+00   7.19627e+46  -6.54987e+46-9.10176e-01 4.77416e-01
   42.58076   2.99384e+47   1.44416e+48   2.07306e-01   0.1717096   1.08873e+13   1.67511e+13   1.69592e+13   6.49946e-01  3.84215e-01   1.40998e+00  2.14194e+00  1.87500e+00  1.93664e+00      0.8754  -1.88347e+46 -1.56742e-03 -3.09794e-02 -5.56562e-02  0.00000e+00  -4.98505e+46   3.10158e+46 0.00000e+00 5.26382e-01
   43.33423   3.07196e+47   1.44574e+48   2.12484e-01   0.1752467   1.14703e+13   2.37639e+13   2.37659e+13   4.82675e-01  5.38421e-01   1.40968e+00  1.69010e+00  1.50000e+00  1.59167e+00      0.8875  -3.97324e+46 -4.95535e-03  8.41191e-02  0.00000e+00  0.00000e+00   4.50961e+46  -8.48285e+46-1.88106e+00 4.28450e-01
   44.14547   3.25836e+47   1.32681e+48   2.45579e-01   0.1971603   9.72684e+12   1.91758e+13   1.91759e+13   5.07246e-01  4.34434e-01   1.41017e+00  2.11510e+00  1.96875e+00  1.95943e+00      0.9308  -5.94364e+46 -4.73259e-03  1.08791e-01 -3.16703e-02  0.00000e+00   7.18970e+46  -1.31333e+47-1.82669e+00 5.50865e-01
   45.04531   3.94430e+47   1.25890e+48   3.13314e-01   0.2385673   1.36909e+13   1.85382e+13   1.88073e+13   7.38527e-01  4.26083e-01   1.40981e+00  1.61294e+00  1.59375e+00  1.58606e+00      0.9881  -7.03841e+46 -8.78538e-03  7.25103e-02  0.00000e+00  0.00000e+00   1.36865e+45  -7.17528e+46-5.24259e+01 4.28450e-01
   45.94592   3.75971e+47   9.92236e+47   3.78912e-01   0.2747908   7.89157e+12   1.39180e+13   1.41400e+13   5.67006e-01  3.20345e-01   1.41031e+00  2.00634e+00  1.96875e+00  1.97510e+00      0.9813  -7.84159e+46 -6.09611e-03  2.22339e-03 -3.56340e-02  0.00000e+00  -4.13076e+46  -3.71082e+46 0.00000e+00 5.50865e-01
   46.84086   4.81693e+47   1.01186e+48   4.76049e-01   0.3225157   1.54635e+13   1.65449e+13   1.65477e+13   9.34639e-01  3.74892e-01   1.40991e+00  1.59650e+00  1.59375e+00  1.57723e+00      0.9983  -7.73709e+46 -9.71283e-03  3.12140e-02  0.00000e+00  0.00000e+00   3.21924e+46  -1.09563e+47-3.40339e+00 4.28450e-01
   47.72086   3.52611e+47   9.04548e+47   3.89820e-01   0.2804824   7.13528e+12   1.15604e+13   1.15838e+13   6.17219e-01  2.62433e-01   1.41042e+00  2.00634e+00  1.96875e+00  1.98006e+00      0.9813  -8.30762e+46 -6.40298e-03 -3.38872e-02 -5.01048e-02  0.00000e+00   1.13075e+45  -8.42069e+46-7.44701e+01 5.50865e-01
   48.60471   4.31046e+47   1.20409e+48   3.57984e-01   0.2636144   1.12061e+13   2.23068e+13   2.28488e+13   5.02361e-01  5.17643e-01   1.40999e+00  1.59099e+00  1.50000e+00  1.56672e+00      0.9428  -1.08627e+47 -1.38426e-02 -1.39671e-01  0.00000e+00  0.00000e+00  -7.03970e+46  -3.82300e+46 0.00000e+00 4.28450e-01
   49.49342   4.17718e+47   1.28685e+48   3.24605e-01   0.2450578   7.03527e+12   1.41518e+13   1.42264e+13   4.97130e-01  3.22301e-01   1.41053e+00  2.02812e+00  1.96875e+00  2.00060e+00      0.9707  -1.45724e+47 -1.09864e-02 -2.05974e-01 -5.62006e-02  0.00000e+00  -1.85376e+47   3.96518e+46 0.00000e+00 5.50865e-01
   50.38867   3.95847e+47   1.44420e+48   2.74094e-01   0.2151288   1.21717e+13   2.26551e+13   2.27245e+13   5.37262e-01  5.14828e-01   1.41004e+00  1.56031e+00  1.50000e+00  1.54348e+00      0.9613  -1.74323e+47 -2.29077e-02 -1.41595e-01  0.00000e+00  0.00000e+00  -1.19247e+47  -5.50762e+46 0.00000e+00 4.28450e-01
   51.29114   3.36083e+47   1.13433e+48   2.96284e-01   0.2285643   1.27932e+13   1.39397e+13   1.45211e+13   9.17753e-01  3.28978e-01   1.41064e+00  2.02812e+00  1.96875e+00  2.01966e+00      0.9707  -1.81564e+47 -1.34495e-02 -6.56988e-02 -1.47683e-02  0.00000e+00  -4.37805e+46  -1.37783e+47 0.00000e+00 5.50865e-01
   52.18827   3.69598e+47   1.11360e+48   3.31894e-01   0.2491894   1.88055e+13   2.16454e+13   2.21991e+13   8.68798e-01  5.02924e-01   1.41010e+00  1.53761e+00  1.50000e+00  1.52507e+00      0.9755  -1.81852e+47 -2.44934e-02 -1.40499e-01  0.00000e+00  0.00000e+00  -5.50318e+46  -1.26820e+47 0.00000e+00 4.28450e-01
   53.10352   3.93638e+47   9.84961e+47   3.99649e-01   0.2855350   1.45751e+13   1.76363e+13   1.76417e+13   8.26430e-01  3.99676e-01   1.41074e+00  2.02812e+00  1.96875e+00  2.03383e+00      0.9707  -1.82987e+47 -1.33187e-02 -1.45676e-01  4.16835e-02  0.00000e+00  -1.97405e+47   1.44177e+46 0.00000e+00 5.75347e-01
   53.99793   3.13767e+47   8.84435e+47   3.54766e-01   0.2618652   1.79064e+13   1.64388e+13   1.81075e+13   1.08928e+00  4.10229e-01   1.41017e+00  1.52614e+00  1.50000e+00  1.51279e+00      0.9829  -2.28968e+47 -3.13176e-02 -3.34305e-01  0.00000e+00  0.00000e+00  -2.96801e+47   6.78332e+46 0.00000e+00 4.28450e-01
   54.89947   2.26306e+47   7.68775e+47   2.94372e-01   0.2274247   1.03057e+13   1.08624e+13   1.09950e+13   9.48748e-01  2.49095e-01   1.41083e+00  2.06463e+00  1.96875e+00  2.04196e+00      0.9536  -2.73411e+47 -1.97226e-02 -2.13461e-01  2.27146e-02  0.00000e+00  -2.46124e+47  -2.72874e+46 0.00000e+00 5.75347e-01
   55.78909   2.56199e+47   8.50735e+47   3.01150e-01   0.2314490   1.52156e+13   1.86791e+13   2.02239e+13   8.14579e-01  4.58175e-01   1.41026e+00  1.53761e+00  1.50000e+00  1.51144e+00      0.9755  -2.85959e+47 -3.92234e-02  2.83984e-02  0.00000e+00  0.00000e+00   4.32666e+46  -3.29225e+47-7.60922e+00 4.28450e-01
   56.70917   3.06350e+47   7.08543e+47   4.32367e-01   0.3018547   9.72207e+12   1.02576e+13   1.07600e+13   9.47790e-01  2.43771e-01   1.41094e+00  2.09631e+00  1.96875e+00  2.06634e+00      0.9391  -2.37860e+47 -1.67276e-02  1.91266e-01  2.68214e-02  0.00000e+00   1.21264e+47  -3.59124e+47-2.96151e+00 5.75347e-01
   57.59319   3.24264e+47   7.95874e+47   4.07431e-01   0.2894855   1.41249e+13   1.43962e+13   1.64637e+13   9.81155e-01  3.72988e-01   1.41031e+00  1.53761e+00  1.40625e+00  1.50499e+00      0.9146  -2.20364e+47 -3.05115e-02 -1.12747e-01  0.00000e+00  0.00000e+00  -1.08688e+47  -1.11676e+47 0.00000e+00 4.03967e-01
   58.51107   2.55824e+47   7.92798e+47   3.22685e-01   0.2439620   8.52546e+12   1.08217e+13   1.08509e+13   7.87808e-01  2.45829e-01   1.41104e+00  2.08159e+00  2.06250e+00  2.07293e+00      0.9908  -2.35387e+47 -1.65404e-02 -2.77690e-01  1.57428e-02  0.00000e+00  -3.08153e+47   7.27659e+46 0.00000e+00 5.75347e-01
   59.39050   3.30484e+47   1.06657e+48   3.09857e-01   0.2365578   2.03305e+13   2.09657e+13   2.18898e+13   9.69706e-01  4.95918e-01   1.41038e+00  1.48232e+00  1.50000e+00  1.49158e+00      1.0119  -2.74446e+47 -3.89827e-02 -2.85966e-01  0.00000e+00  0.00000e+00  -2.51887e+47  -2.25582e+46 0.00000e+00 4.03967e-01
   60.00000   2.32831e+47   9.23735e+47   2.52054e-01   0.2013122   6.99270e+12   1.33682e+13   1.33730e+13   5.23083e-01  3.02967e-01   1.41118e+00  2.08159e+00  2.06250e+00  2.07415e+00      0.9908  -2.86185e+47 -2.00609e-02 -2.23786e-01  3.91987e-02  0.00000e+00  -1.72238e+47  -1.13948e+47 0.00000e+00 5.75347e-01
