2.0000000000e+04 1.0e7
2.1234424958e+04 1.0e7
2.2545040164e+04 1.0e7
2.3936548177e+04 1.0e7
2.5413941800e+04 1.0e7
2.6982522002e+04 1.0e7
2.8647916931e+04 1.0e7
3.0416102113e+04 1.0e7
3.2293421891e+04 1.0e7
3.4286612189e+04 1.0e7
3.6402824679e+04 1.0e7
3.8649652445e+04 1.0e7
4.1035157224e+04 1.0e7
4.3567898335e+04 1.0e7
4.6256963388e+04 1.0e7
4.9112000892e+04 1.0e7
5.2143254873e+04 1.0e7
5.5361601632e+04 1.0e7
5.8778588770e+04 1.0e7
6.2406476618e+04 1.0e7
6.6258282231e+04 1.0e7
7.0347826093e+04 1.0e7
7.4689781705e+04 1.0e7
7.9299728236e+04 1.0e7
8.4194206420e+04 1.0e7
8.9390777905e+04 1.0e7
9.4908088266e+04 1.0e7
1.0076593391e+05 1.0e7
1.0698533309e+05 1.0e7
1.1358860136e+05 1.0e7
1.2059943158e+05 1.0e7
1.2804297899e+05 1.0e7
1.3594595144e+05 1.0e7
1.4433670520e+05 1.0e7
1.5324534676e+05 1.0e7
1.6270384080e+05 1.0e7
1.7274612489e+05 1.0e7
1.8340823128e+05 1.0e7
1.9472841619e+05 1.0e7
2.0674729704e+05 1.0e7
2.1950799821e+05 1.0e7
2.3305630578e+05 1.0e7
2.4744083180e+05 1.0e7
2.6271318871e+05 1.0e7
2.7892817456e+05 1.0e7
2.9614396956e+05 1.0e7
3.1442234492e+05 1.0e7
3.3382888441e+05 1.0e7
3.5443321973e+05 1.0e7
3.7630928035e+05 1.0e7
3.9953555872e+05 1.0e7
4.2419539198e+05 1.0e7
4.5037726092e+05 1.0e7
4.7817510748e+05 1.0e7
5.0768867182e+05 1.0e7
5.3902385018e+05 1.0e7
5.7229307486e+05 1.0e7
6.0761571759e+05 1.0e7
6.4511851792e+05 1.0e7
6.8493603787e+05 1.0e7
7.2721114485e+05 1.0e7
7.7209552419e+05 1.0e7
8.1975022343e+05 1.0e7
8.7034623017e+05 1.0e7
9.2406508559e+05 1.0e7
9.8109953580e+05 1.0e7
1.0416542234e+06 1.0e7
1.1059464220e+06 1.0e7
1.1742068152e+06 1.0e7
1.2466803252e+06 1.0e7
1.3236269905e+06 1.0e7
1.4053229001e+06 1.0e7
1.4920611832e+06 1.0e7
1.5841530614e+06 1.0e7
1.6819289651e+06 1.0e7
1.7857397197e+06 1.0e7
1.8959578036e+06 1.0e7
2.0129786852e+06 1.0e7
2.1372222416e+06 1.0e7
2.2691342654e+06 1.0e7
2.4091880638e+06 1.0e7
2.5578861575e+06 1.0e7
2.7157620831e+06 1.0e7
2.8833823079e+06 1.0e7
3.0613482620e+06 1.0e7
3.2502984970e+06 1.0e7
3.4509109762e+06 1.0e7
3.6639055080e+06 1.0e7
3.8900463281e+06 1.0e7
4.1301448418e+06 1.0e7
4.3850625353e+06 1.0e7
4.6557140671e+06 1.0e7
4.9430705491e+06 1.0e7
5.2481630318e+06 1.0e7
5.5720862032e+06 1.0e7
5.9160023170e+06 1.0e7
6.2811453625e+06 1.0e7
6.6688254924e+06 1.0e7
7.0804337237e+06 1.0e7
7.5174469287e+06 1.0e7
7.9814331340e+06 1.0e7
8.4740571470e+06 1.0e7
8.9970865287e+06 1.0e7
9.5523979366e+06 1.0e7
1.0141983858e+07 1.0e7
1.0767959757e+07 1.0e7
1.1432571671e+07 1.0e7
1.2138204261e+07 1.0e7
1.2887389375e+07 1.0e7
1.3682815129e+07 1.0e7
1.4527335553e+07 1.0e7
1.5423980832e+07 1.0e7
1.6375968176e+07 1.0e7
1.7386713368e+07 1.0e7
1.8459843013e+07 1.0e7
1.9599207560e+07 1.0e7
2.0808895108e+07 1.0e7
2.2093246081e+07 1.0e7
2.3456868799e+07 1.0e7
2.4904656013e+07 1.0e7
2.6441802460e+07 1.0e7
2.8073823504e+07 1.0e7
2.9806574924e+07 1.0e7
3.1646273923e+07 1.0e7
3.3599521441e+07 1.0e7
3.5673325832e+07 1.0e7
3.7875128019e+07 1.0e7
4.0212828184e+07 1.0e7
4.2694814120e+07 1.0e7
4.5329991326e+07 1.0e7
4.8127814957e+07 1.0e7
5.1098323754e+07 1.0e7
5.4252176061e+07 1.0e7
5.7600688068e+07 1.0e7
6.1155874415e+07 1.0e7
6.4930491299e+07 1.0e7
6.8938082248e+07 1.0e7
7.3193026711e+07 1.0e7
7.7710591656e+07 1.0e7
8.2506986347e+07 1.0e7
8.7599420504e+07 1.0e7
9.3006166051e+07 1.0e7
9.8746622681e+07 1.0e7
1.0484138746e+08 1.0e7
1.1131232872e+08 1.0e7
1.1818266455e+08 1.0e7
1.2547704609e+08 1.0e7
1.3322164595e+08 1.0e7
1.4144425219e+08 1.0e7
1.5017436794e+08 1.0e7
1.5944331733e+08 1.0e7
1.6928435784e+08 1.0e7
1.7973279965e+08 1.0e7
1.9082613234e+08 1.0e7
2.0260415935e+08 1.0e7
2.1510914089e+08 1.0e7
2.2838594550e+08 1.0e7
2.4248221106e+08 1.0e7
2.5744851571e+08 1.0e7
2.7333855937e+08 1.0e7
2.9020935635e+08 1.0e7
3.0812143997e+08 1.0e7
3.2713907975e+08 1.0e7
3.4733051198e+08 1.0e7
3.6876818461e+08 1.0e7
3.9152901714e+08 1.0e7
4.1569467666e+08 1.0e7
4.4135187084e+08 1.0e7
4.6859265907e+08 1.0e7
4.9751478274e+08 1.0e7
5.2822201597e+08 1.0e7
5.6082453795e+08 1.0e7
5.9543932828e+08 1.0e7
6.3219058666e+08 1.0e7
6.7121017857e+08 1.0e7
7.1263810839e+08 1.0e7
7.5662302173e+08 1.0e7
8.0332273881e+08 1.0e7
8.5290482070e+08 1.0e7
9.0554717056e+08 1.0e7
9.6143867194e+08 1.0e7
1.0207798665e+09 1.0e7
1.0837836737e+09 1.0e7
1.1506761545e+09 1.0e7
1.2216973227e+09 1.0e7
1.2971020060e+09 1.0e7
1.3771607604e+09 1.0e7
1.4621608411e+09 1.0e7
1.5524072328e+09 1.0e7
1.6482237444e+09 1.0e7
1.7499541707e+09 1.0e7
1.8579635259e+09 1.0e7
1.9726393532e+09 1.0e7
2.0943931157e+09 1.0e7
2.2236616724e+09 1.0e7
2.3609088457e+09 1.0e7
2.5066270858e+09 1.0e7
2.6613392375e+09 1.0e7
2.8256004163e+09 1.0e7
3.0000000000e+09 1.0e7
