  #time                     mass                      x-momentum                y-momentum                z-momentum                E_total                   E_kinetic                 E_internal               
  0.000000000000000000E+00  2.686188298805390993E+33  0.000000000000000000E+00  0.000000000000000000E+00  0.000000000000000000E+00  1.816856225970157744E+51  0.000000000000000000E+00  1.816856225970157744E+51
  9.999999999999999547E-07  2.686188298805399640E+33  3.435706083728403988E+20  5.534023222112865485E+19  2.421135159674378650E+20  1.816856225966287364E+51  8.802534283063955182E+38  1.816856225965409742E+51
  3.000000000000000076E-06  2.686188298805470545E+33 -2.305843009213693952E+20 -3.504881374004814807E+20 -1.927684755702648144E+21  1.816856225935307047E+51  7.919956863907787856E+39  1.816856225927409772E+51
  6.999999999999999895E-06  2.686188298805767999E+33  2.896138819572399604E+21  3.209733468825461981E+21  2.564097426245627675E+21  1.816856225780419752E+51  4.309472007208572142E+40  1.816856225737430857E+51
  1.499999999999999869E-05  2.686188298806546797E+33 -1.918461383665793368E+21  4.427218577690292388E+20  1.807780919223536058E+21  1.816856225099227955E+51  1.976583030037188738E+41  1.816856224901865511E+51
  3.099999999999999457E-05  2.686188298808989261E+33  2.730118122909013639E+21  5.902958103587056517E+20  1.158455527828959841E+22  1.816856222252170129E+51  8.423569318513041461E+41  1.816856221410116822E+51
  6.299999999999998635E-05  2.686188298818417277E+33 -6.345679961356085756E+21 -2.243124079363081477E+22 -4.486248158726162953E+22  1.816856210624519941E+51  3.464379878496654903E+42  1.816856207159910432E+51
  1.269999999999999970E-04  2.686188298848588656E+33 -2.331668450916887324E+22 -3.010508632829398824E+22 -7.349182838965885364E+22  1.816856163684038215E+51  1.396717536102320880E+43  1.816856149716713143E+51
  2.550000000000000183E-04  2.686188298934922877E+33 -8.028023020878396863E+22 -8.382200507093620254E+22 -2.042423503841121555E+23  1.816855975513559462E+51  5.547065690539173336E+43  1.816855920042455006E+51
  5.109999999999999525E-04  2.686188299170424389E+33  2.715360727650045998E+22  1.133367955888714851E+23 -7.437727210519691212E+22  1.816855225658487377E+51  2.164012829794329512E+44  1.816855009256766507E+51
  1.023000000000000038E-03  2.686188299839872295E+33 -1.463933609689590016E+23 -2.762584392478742450E+23 -6.564089411188806847E+23  1.816852260869010667E+51  8.196593341197755081E+44  1.816851441209262876E+51
  2.047000000000000208E-03  2.686188301924725040E+33  7.272444383619253629E+23  9.586403960225379784E+23 -7.083549724304467821E+22  1.816840697865637122E+51  2.939615105094044885E+45  1.816837758250109684E+51
  4.094999999999999682E-03  2.686188309070936625E+33  8.594706998822754289E+23 -3.683445856638323267E+23 -3.239543407248576617E+24  1.816796778181794524E+51  9.530933502790329278E+45  1.816787247247795240E+51
  8.191000000000000364E-03  2.686188335246972534E+33 -1.511157274518286468E+23  6.611313076017503299E+23  1.265594217409064917E+24  1.816638804440617017E+51  2.569312517437106865E+46  1.816613111315207191E+51
  1.638300000000000173E-02  2.686188434979790701E+33  1.624494070107157954E+24  9.784743352505904883E+24  1.246704751477586336E+25  1.816136833521236401E+51  4.937516214748279137E+46  1.816087458359091167E+51
  2.588718690747902895E-02  2.686188571494927713E+33 -6.573534144154546137E+24 -7.782459963769175312E+24 -3.588998526980930362E+25  1.815337034975641261E+51  6.855808927355202742E+46  1.815268476886353496E+51
  3.539071711556900091E-02  2.686188709157173775E+33 -2.070285466090052462E+25 -1.662273001970115115E+25 -3.747670040805350442E+25  1.814352702251509759E+51  8.595489271490146159E+46  1.814266747358803986E+51
  4.489517371469699952E-02  2.686188846718976739E+33 -2.659636803152184184E+25 -4.986819005910345346E+24  4.080124641199373465E+24  1.813210705043355765E+51  1.018482617403442344E+47  1.813108856781574920E+51
  5.440130300372031380E-02  2.686188984191635236E+33 -1.360041547066457822E+25  2.417851639229258349E+24  1.465822556282737874E+25  1.811932742224653940E+51  1.161928161192773825E+47  1.811816549408531380E+51
  6.390964260430123667E-02  2.686189121591568022E+33 -4.578806541790407999E+25 -2.856087248839561425E+25 -2.478297930209989808E+25  1.810536888601479475E+51  1.290681461513811690E+47  1.810407820455319606E+51
  7.342077657743616148E-02  2.686189258935776075E+33 -3.052537694526938666E+25 -3.415215440411327419E+25 -3.717446895314984712E+25  1.809038418402650987E+51  1.406736185616595078E+47  1.808897744784105989E+51
  8.293525842534567316E-02  2.686189396240857432E+33 -1.813388729421943762E+25 -2.070285466090052462E+25  1.662273001970115115E+24  1.807450366410387031E+51  1.512339744766973872E+47  1.807299132435946683E+51
  9.245352603937968816E-02  2.686189533519915044E+33 -3.717446895314984712E+25 -2.508521075700355538E+25  6.800207735332289108E+24  1.805783938000639652E+51  1.609392686595361215E+47  1.805622998731957842E+51
  1.019758598217050394E-01  2.686189670781856384E+33 -2.266735911777429703E+24 -1.496045701773103604E+25 -1.148479528633897716E+25  1.804048820223744180E+51  1.699226534312732250E+47  1.803878897570300977E+51
  1.115023855289046656E-01  2.686189808031218197E+33 -4.231240368651202111E+24 -1.057810092162800528E+24  9.218059374561547457E+24  1.802253414029902877E+51  1.782675527786370784E+47  1.802075146477110308E+51
  1.210331095801209789E-01  2.686189945269151099E+33 -2.342293775503344026E+25 -2.478297930209989808E+25 -2.251624339032246838E+25  1.800404999255020417E+51  1.860255149746765421E+47  1.800218973740008370E+51
  1.305679693709974609E-01  2.686190082494714883E+33  2.871198821584744290E+24  1.662273001970115115E+24  1.888946593147858085E+25  1.798509858999213286E+51  1.932349535995529478E+47  1.798316624045572682E+51
  1.401068819658658482E-01  2.686190219706399797E+33  1.752942438441212303E+25 -6.044629098073145874E+24  4.231240368651202111E+25  1.796573377417442498E+51  1.999328796746761653E+47  1.796373444537740277E+51
  1.496497777749890012E-01  2.686190356903142850E+33  1.994727602364138138E+25  7.253554917687775048E+24  3.777893186295716171E+25  1.794600127360216841E+51  2.061600091605985876E+47  1.794393967351099247E+51
  1.591966159140775772E-01  2.686190494084425801E+33  1.420487838047189280E+25 -1.012475373927251934E+25 -4.140570932180104923E+25  1.792593955802975474E+51  2.119618779887230977E+47  1.792381993925016490E+51
  1.687473843479410096E-01  2.686190631250576081E+33  1.450710983537555010E+25 -2.115620184325601056E+24 -3.188541849233584448E+25  1.790558068070104319E+51  2.173876073870366138E+47  1.790340680462680370E+51
  1.783020913641019944E-01  2.686190768402653801E+33  3.143207130998035854E+25 -1.632049856479749386E+25 -8.356699728086124170E+25  1.788495112917777953E+51  2.224885969470885536E+47  1.788272624320813657E+51
  1.878607550551587846E-01  2.686190905541615309E+33  1.737830865696029439E+25 -1.103144810398349122E+25 -6.754873017096740514E+25  1.786407264168469390E+51  2.273164348071076185E+47  1.786179947733630027E+51
  1.974233954705477134E-01  2.686191042668716138E+33  7.767348391023992447E+25  7.555786372591432342E+25  2.236512766287063973E+25  1.784296297396693855E+51  2.319204949344988629E+47  1.784064376901732989E+51
  2.069900312626428984E-01  2.686191179785166854E+33  4.956595860419979616E+25  6.558422571409363273E+25 -1.420487838047189280E+25  1.782163660523022272E+51  2.363464352281870625E+47  1.781927314087806102E+51
  2.165606803247527301E-01  2.686191316891932453E+33  6.860654026313020566E+25  5.681951352188757121E+25 -1.813388729421943762E+24  1.780010535079297205E+51  2.406344407129093916E+47  1.779769900638597768E+51
  2.261353613189498735E-01  2.686191453990045376E+33 -1.208925819614629175E+24  1.541380420008652198E+25 -7.314001208668506507E+25  1.777837890944530009E+51  2.448179633544974369E+47  1.777593072981214310E+51
  2.357141013578495092E-01  2.686191591080964069E+33 -2.055173893344869597E+25 -7.253554917687775048E+24 -2.508521075700355538E+25  1.775646531704198728E+51  2.489235255215216252E+47  1.775397608178673727E+51
  2.452969367324482342E-01  2.686191728166090485E+33  3.112983985507670125E+25 -1.511157274518286468E+24 -9.973638011820690691E+24  1.773437133908243943E+51  2.529712004598390717E+47  1.773184162707769768E+51
  2.548839092110127269E-01  2.686191865247141323E+33 -2.357405348248526891E+25 -4.503248678064493676E+25 -8.553150173773501411E+25  1.771210282441875256E+51  2.569754972488926136E+47  1.770953306944621214E+51
  2.644750629908839690E-01  2.686192002325719144E+33 -9.369175102013376104E+24 -3.324546003940230230E+25 -3.112983985507670125E+25  1.768966497526259984E+51  2.609462131303297561E+47  1.768705551313170900E+51
  2.740704434850508853E-01  2.686192139403612130E+33  1.843611874912309491E+25 -2.327182202758161161E+25 -2.599190512171452726E+25  1.766706255358265054E+51  2.648895707330361437E+47  1.766441365787550417E+51
  2.836700969770296066E-01  2.686192276482598085E+33  2.659636803152184184E+25 -2.629413657661818455E+25 -2.931645112565475749E+25  1.764430003160319316E+51  2.688091200009845019E+47  1.764161194040320428E+51
  2.932740702103517894E-01  2.686192413564266313E+33 -5.379719897285099827E+25 -6.286414261996071708E+25 -5.772620788659854309E+25  1.762138169796528197E+51  2.727064658443425177E+47  1.761865463330702731E+51
  3.028824097334514298E-01  2.686192550650436698E+33  1.692496147460480845E+25 -3.052537694526938666E+25 -1.511157274518286468E+25  1.759831173282258264E+51  2.765820620916536194E+47  1.759554591220125885E+51
  3.124951612813435808E-01  2.686192687742587864E+33  1.783165583931578033E+25  7.858017827495089636E+24 -2.840975676094378561E+25  1.757509426380224294E+51  2.804353429321043392E+47  1.757228991037265026E+51
  3.221123694549380412E-01  2.686192824842573132E+33 -4.291686659631933570E+25 -6.377083698467168897E+25 -1.278439054242470352E+26  1.755173339480026795E+51  2.842651946893804353E+47  1.754889074285278423E+51
  3.317340777232516413E-01  2.686192961951908017E+33  3.626777458843887524E+24 -1.148479528633897716E+25 -3.596554313353521795E+25  1.752823321269654389E+51  2.880712783815933567E+47  1.752535249991286286E+51
  3.413603285851694591E-01  2.686193099071931060E+33 -7.978910409456552553E+25 -7.314001208668506507E+25 -4.533471823554859405E+25  1.750459779692831368E+51  2.918500946235647001E+47  1.750167929598211589E+51
  3.509911636942716351E-01  2.686193236204323799E+33 -2.961868258055841478E+25 -5.621505061208025662E+25 -2.115620184325601056E+25  1.748083123264750039E+51  2.955985903170121454E+47  1.747787524674436157E+51
  3.606266238445868799E-01  2.686193373350450714E+33 -3.143207130998035854E+25 -7.586009518081798071E+25 -1.979616029618955274E+26  1.745693759927110281E+51  2.993137178583940585E+47  1.745394446209292882E+51
  3.702667488175989119E-01  2.686193510511809452E+33 -4.986819005910345346E+25 -5.198381024342905451E+25 -5.017042151400711075E+25  1.743292096306366790E+51  3.029913193245856866E+47  1.742989104987005471E+51
  3.799115771403435704E-01  2.686193647689717802E+33 -4.140570932180104923E+25 -4.563694969045225135E+25 -1.069899350358946820E+26  1.740878536098462518E+51  3.066289551802443005E+47  1.740571907143320844E+51
  3.895611459242294128E-01  2.686193784885404778E+33 -2.599190512171452726E+25 -3.566331167863156065E+25 -8.704265901225330058E+25  1.738453478942574790E+51  3.102211879308387417E+47  1.738143257754656673E+51
  3.992154908552953962E-01  2.686193922100268298E+33 -9.973638011820690691E+24 -4.291686659631933570E+25 -7.283778063178140778E+25  1.736017321600147181E+51  3.137642927175715917E+47  1.735703557307433230E+51
  4.088746462734747511E-01  2.686194059335393836E+33  2.840975676094378561E+25  9.369175102013376104E+24 -2.961868258055841478E+25  1.733570456734844643E+51  3.172546869701290836E+47  1.733253202047897947E+51
  4.185386454568271741E-01  2.686194196592051336E+33 -3.445438585901693148E+25 -5.742397643169488580E+25 -7.434893790629969424E+25  1.731113272325498624E+51  3.206875780294591369E+47  1.730792584747405837E+51
  4.282075210663208731E-01  2.686194333871436955E+33 -7.253554917687775048E+24  3.445438585901693148E+25  8.674042755734964329E+25  1.728646152661111993E+51  3.240579399391158846E+47  1.728322094721216110E+51
  4.378813052180196008E-01  2.686194471174556615E+33 -1.118256383143531987E+25  2.780529385113647102E+25  1.054787777613763955E+26  1.726169478986616934E+51  3.273622168205966671E+47  1.725842116769836845E+51
  4.475600296219288676E-01  2.686194608502740790E+33  4.231240368651202111E+24 -3.324546003940230230E+24  3.022314549036572937E+23  1.723683628545539692E+51  3.305981003771467531E+47  1.723353030445142255E+51
  4.572437257230978491E-01  2.686194745856723888E+33 -3.626777458843887524E+24 -7.555786372591432342E+24  1.239148965104994904E+25  1.721188975156059072E+51  3.337638078216477495E+47  1.720855211348209312E+51
  4.669324247950081830E-01  2.686194883237818512E+33  3.173430276488401584E+25  9.671406556917033398E+24  8.462480737302404223E+24  1.718685889323220535E+51  3.368565021025598427E+47  1.718349032821126897E+51
  4.766261579778600654E-01  2.686195020647028857E+33 -1.148479528633897716E+25 -4.170794077670470653E+25 -6.014405952582780144E+25  1.716174737703786349E+51  3.398759273019387565E+47  1.715834861776468534E+51
  4.863249562805557757E-01  2.686195158085408692E+33  1.662273001970115115E+25 -5.137934733362173993E+24 -2.206289620796698244E+25  1.713655883577041825E+51  3.428218347987877525E+47  1.713313061742206463E+51
  4.960288505684679050E-01  2.686195295554204902E+33 -6.618868862390094732E+25 -2.689859948642549914E+25  9.369175102013376104E+24  1.711129686975784430E+51  3.456933774472761463E+47  1.710783993598273095E+51
  5.057378715460949525E-01  2.686195433054045253E+33 -7.102439190235946401E+25 -1.632049856479749386E+25 -4.473025532574127946E+25  1.708596509120821112E+51  3.484874186841151653E+47  1.708248021702136763E+51
  5.154520497293998416E-01  2.686195570586185276E+33 -1.420487838047189280E+25  3.898785768257179088E+25  2.780529385113647102E+25  1.706056711996421524E+51  3.512027063770516854E+47  1.705705509290086240E+51
  5.251714153930073792E-01  2.686195708151704683E+33 -4.835703278458516699E+24  3.989455204728276277E+25 -3.989455204728276277E+25  1.703510655516510604E+51  3.538402307372863861E+47  1.703156815285744692E+51
  5.348959984922938560E-01  2.686195845751416860E+33  9.973638011820690691E+24  5.530835624736928474E+25  5.289050460814002639E+25  1.700958696604597892E+51  3.563993352670830144E+47  1.700602297269345026E+51
  5.446258286007887861E-01  2.686195983386343294E+33 -9.369175102013376104E+24  1.662273001970115115E+25 -4.896149569439248158E+25  1.698401189199065201E+51  3.588822764190869012E+47  1.698042306922631044E+51
  5.543609348197789943E-01  2.686196121057438029E+33 -1.752942438441212303E+25  2.599190512171452726E+25 -9.066943647109718810E+24  1.695838485770896087E+51  3.612878849078259649E+47  1.695477197885991579E+51
  5.641013456757250077E-01  2.686196258765616484E+33 -3.898785768257179088E+25  2.176066475306332514E+25  4.775256987477785240E+25  1.693270939564532272E+51  3.636136349349360722E+47  1.692907325929591958E+51
  5.738470890200217944E-01  2.686196396511735856E+33 -1.692496147460480845E+25  2.387628493738892620E+25 -2.417851639229258349E+25  1.690698903488205534E+51  3.658591773726843095E+47  1.690333044310848828E+51
  5.835981920218706875E-01  2.686196534296904104E+33 -1.057810092162800528E+25  1.843611874912309491E+25  2.931645112565475749E+25  1.688122726749193425E+51  3.680266461755246224E+47  1.687754700103012381E+51
  5.933546811651685404E-01  2.686196672121764556E+33 -6.044629098073145874E+24  7.797571536514358177E+25  2.659636803152184184E+25  1.685542753439234576E+51  3.701176263273716514E+47  1.685172635812962103E+51
  6.031165822511268537E-01  2.686196809987194010E+33 -4.805480132968150969E+25 -3.324546003940230230E+24  1.873835020402675221E+25  1.682959324240588499E+51  3.721307945875007068E+47  1.682587193445992630E+51
  6.128839203993282636E-01  2.686196947894006429E+33 -5.863290225130951497E+25 -2.236512766287063973E+25 -1.030609261221471371E+26  1.680372775962846494E+51  3.740663287093512200E+47  1.679998709634099768E+51
  6.226567200457590046E-01  2.686197085842899906E+33 -9.248282520051913187E+25 -8.371811300831307035E+25 -1.066877035809910247E+26  1.677783441711990837E+51  3.759265483885501600E+47  1.677407515163628688E+51
  6.324350049417470920E-01  2.686197223834754698E+33 -4.805480132968150969E+25 -1.239148965104994904E+25 -5.168157878852539722E+25  1.675191649396024497E+51  3.777104668925948204E+47  1.674813938929122084E+51
  6.422187981572547999E-01  2.686197361870294261E+33 -6.346860552976803167E+24  2.992091403546207207E+25 -9.973638011820690691E+24  1.672597722048916622E+51  3.794208211651930087E+47  1.672218301227816540E+51
  6.520081220871390970E-01  2.686197499950101399E+33 -1.057810092162800528E+25  5.440166188265831286E+25  3.233876567469133042E+25  1.670001976796143484E+51  3.810600013641394095E+47  1.669620916794738594E+51
  6.618029984593106763E-01  2.686197638074999873E+33 -6.800207735332289108E+25  9.973638011820690691E+24  4.654364405516322323E+25  1.667404724810445124E+51  3.826278847731871418E+47  1.667022096925647674E+51
  6.716034483441706282E-01  2.686197776245640508E+33 -4.896149569439248158E+25  1.480934129027920739E+25 -1.027586946672434799E+25  1.664806273467720175E+51  3.841236900308595338E+47  1.664422149777666923E+51
  6.814094921661345561E-01  2.686197914462569788E+33 -6.769984589841923378E+25 -2.750306239623281372E+25 -7.253554917687775048E+25  1.662206926890108544E+51  3.855473704600622230E+47  1.661821379519595808E+51
  6.912211497225256851E-01  2.686198052726608594E+33 -4.261463514141567841E+25  1.571603565499017927E+25 -6.407306843957534626E+25  1.659606985032734022E+51  3.868994130783391962E+47  1.659220085619657583E+51
  7.010384401715190616E-01  2.686198191038118366E+33 -4.049901495709007735E+25 -1.904058165893040950E+25 -1.813388729421943762E+25  1.657006742675840747E+51  3.881793729426469169E+47  1.656618563302907916E+51
  7.108613820824152274E-01  2.686198329397808152E+33 -4.865926423948882428E+25 -8.462480737302404223E+24 -4.503248678064493676E+25  1.654406489259849304E+51  3.893887919149753379E+47  1.654017100467915419E+51
  7.206899935170762994E-01  2.686198467806251529E+33 -7.283778063178140778E+25  9.066943647109718810E+24  5.168157878852539722E+25  1.651806507696822859E+51  3.905298500449998860E+47  1.651415977846782762E+51
  7.305242920112045013E-01  2.686198606263949443E+33 -9.127389938090450269E+25 -3.657000604334253253E+25 -1.904058165893040950E+25  1.649207073161446901E+51  3.916042257161245671E+47  1.648815468935724079E+51
  7.403642944680226545E-01  2.686198744771451259E+33 -1.360041547066457822E+25 -2.115620184325601056E+24 -2.720083094132915643E+24  1.646608455793615933E+51  3.926138815418340464E+47  1.646215841912069281E+51
  7.502100170616234909E-01  2.686198883329267147E+33 -4.896149569439248158E+25  3.112983985507670125E+25  6.618868862390094732E+25  1.644010920160918267E+51  3.935575653225156138E+47  1.643617362595556398E+51
  7.600614751048281326E-01  2.686199021937832333E+33 -5.319273606304368369E+25 -1.088033237653166257E+25  2.629413657661818455E+25  1.641414725796434353E+51  3.944370111956877519E+47  1.641020288785241437E+51
  7.699186832166944328E-01  2.686199160597725584E+33  2.357405348248526891E+25  1.480934129027920739E+25 -9.369175102013376104E+24  1.638820126078635231E+51  3.952541525602944237E+47  1.638424871926116679E+51
  7.797816555001096939E-01  2.686199299309152121E+33 -1.088033237653166257E+25 -2.629413657661818455E+25 -3.354769149430595960E+25  1.636227367411065758E+51  3.960091287492793720E+47  1.635831358282347122E+51
  7.896504055502185926E-01  2.686199438072575418E+33 -1.208925819614629175E+25 -4.684587551006688052E+25 -5.289050460814002639E+25  1.633636690231351604E+51  3.967016593973602406E+47  1.633239988571996303E+51
  7.995249463752611696E-01  2.686199576888639382E+33  3.264099712959498772E+25  4.140570932180104923E+25  1.051765463064727382E+26  1.631048327988474626E+51  3.973358560015431328E+47  1.630650992132515923E+51
  8.094052903218045270E-01  2.686199715757462186E+33 -3.505884876882424607E+25 -4.170794077670470653E+25 -3.777893186295716171E+25  1.628462505222285641E+51  3.979142119891758479E+47  1.628064591010333769E+51
  8.192914490378514492E-01  2.686199854679615104E+33 -4.261463514141567841E+25 -1.178702674124263445E+25  5.440166188265831286E+24  1.625879438863503370E+51  3.984374466653833790E+47  1.625481001416833902E+51
  8.291834334634545778E-01  2.686199993655128688E+33 -2.538744221190721267E+25 -5.077488442381442534E+25 -3.022314549036572937E+24  1.623299341979350654E+51  3.989055805847973940E+47  1.622900436398763737E+51
  8.390812538377749874E-01  2.686200132684605916E+33  4.110347786689739194E+25 -1.088033237653166257E+25  6.044629098073145874E+24  1.620722421568290114E+51  3.993193274091202916E+47  1.620323102240870544E+51
  8.489849197194071495E-01  2.686200271768148245E+33 -3.808116331786081900E+25 -7.011769753764849213E+25 -5.863290225130951497E+25  1.618148880025885146E+51  3.996802628081696095E+47  1.617749199763094388E+51
  8.588944400235981602E-01  2.686200410906103281E+33  6.135298534544243062E+25  5.017042151400711075E+25  2.176066475306332514E+25  1.615578914274252626E+51  3.999851200102845691E+47  1.615178929154208036E+51
  8.688098230722769433E-01  2.686200550098704490E+33  3.052537694526938666E+25  4.473025532574127946E+25  9.066943647109718810E+25  1.613012717266031212E+51  4.002346637227149777E+47  1.612612482602325388E+51
  8.787310766374286652E-01  2.686200689346308125E+33  3.173430276488401584E+25  5.319273606304368369E+25 -2.236512766287063973E+25  1.610450474525637386E+51  4.004322542395753185E+47  1.610050042271395775E+51
  8.886582079560896297E-01  2.686200828648957422E+33 -1.752942438441212303E+25  6.044629098073145874E+23 -1.269372110595360633E+25  1.607892363794751710E+51  4.005816522309394732E+47  1.607491782142561229E+51
  8.985912237145472492E-01  2.686200968006897951E+33  1.299595256085726363E+25  4.986819005910345346E+25  4.684587551006688052E+25  1.605338554633433788E+51  4.006856580157949484E+47  1.604937868975410974E+51
  9.085301300116322976E-01  2.686201107420345310E+33  5.772620788659854309E+25  7.767348391023992447E+25 -6.044629098073145874E+23  1.602789211079192688E+51  4.007470287274626693E+47  1.602388464050517580E+51
  9.184749323222362039E-01  2.686201246889354838E+33  7.706902100043260989E+25  5.289050460814002639E+25  5.681951352188757121E+25  1.600244492456080053E+51  4.007634366022677893E+47  1.599843729019430516E+51
  9.284256356227008622E-01  2.686201386414259154E+33  1.390264692556823551E+25 -5.077488442381442534E+25 -8.371811300831307035E+25  1.597704553150183159E+51  4.007342828500271954E+47  1.597303818867347032E+51
  9.383822446778327109E-01  2.686201525995079010E+33 -1.873835020402675221E+25 -5.379719897285099827E+25 -4.624141260025956593E+25  1.595169542387134078E+51  4.006651775701819496E+47  1.594768877209575424E+51
  9.483447639198517853E-01  2.686201665631950450E+33  2.417851639229258349E+24 -4.503248678064493676E+25 -6.739761444351557649E+25  1.592639601695469794E+51  4.005549512476468676E+47  1.592239046744278272E+51
  9.583131973971424911E-01  2.686201805324997991E+33  8.462480737302404223E+24 -2.750306239623281372E+25  2.236512766287063973E+25  1.590114869994267638E+51  4.004022586033641684E+47  1.589714467735706986E+51
  9.682875487451899632E-01  2.686201945074321937E+33  3.143207130998035854E+25  4.533471823554859405E+24  9.641183411426667668E+25  1.587595481877207320E+51  4.002086863816402357E+47  1.587195273190866077E+51
  9.782678211547879421E-01  2.686202084880076778E+33 -1.208925819614629175E+24 -1.964504456873772409E+25  3.264099712959498772E+25  1.585081567718715103E+51  3.999749155128823399E+47  1.584681592803178095E+51
  9.882540173564814401E-01  2.686202224742155870E+33  3.777893186295716171E+25 -1.722719292950846574E+25 -2.357405348248526891E+25  1.582573254355020681E+51  3.996978315389371877E+47  1.582173556523485214E+51
  9.982461395773847279E-01  2.686202364660824961E+33 -5.500612479246562745E+25 -7.162885481216677860E+25 -4.956595860419979616E+25  1.580070665646548226E+51  3.993781688776684374E+47  1.579671287477621731E+51
  1.008244189563435311E+00  2.686202504635911113E+33 -1.813388729421943762E+25 -5.107711587871808263E+25 -1.054787777613763955E+26  1.577573918965703572E+51  3.990199883819450882E+47  1.577174898977304967E+51
  1.018244189563435320E+00  2.686202644564174817E+33  6.135298534544243062E+25 -3.082760840017304396E+25 -9.731852847897764856E+25  1.575084005860144849E+51  3.986345652262320479E+47  1.574685371294956763E+51
  1.028244189563435329E+00  2.686202784391643782E+33  3.203653421978767313E+25 -6.044629098073145874E+24 -2.720083094132915643E+24  1.572601410435513635E+51  3.982208361407669937E+47  1.572203189599380442E+51
  1.038244189563435338E+00  2.686202924116811716E+33  2.266735911777429703E+25  2.357405348248526891E+25  6.981546608274483484E+25  1.570126168703600391E+51  3.977778390137846490E+47  1.569728390864549083E+51
  1.048244189563435347E+00  2.686203063740089636E+33  5.621505061208025662E+25  3.808116331786081900E+25  4.563694969045225135E+25  1.567658325300517915E+51  3.973076542883889195E+47  1.567261017646211384E+51
  1.058244189563435356E+00  2.686203203261629727E+33 -7.797571536514358177E+25 -6.890877171803386296E+25 -1.752942438441212303E+25  1.565197930156331234E+51  3.968089536326853779E+47  1.564801121202684714E+51
  1.068244189563435365E+00  2.686203342681614727E+33 -2.236512766287063973E+25 -4.140570932180104923E+25  2.780529385113647102E+25  1.562745039427871927E+51  3.962870183361300211E+47  1.562348752409531584E+51
  1.078244189563435373E+00  2.686203482000520216E+33  2.024950747854503868E+25 -8.764712192206061517E+24 -2.689859948642549914E+25  1.560299710586578725E+51  3.957398979224434334E+47  1.559903970688659346E+51
  1.088244189563435382E+00  2.686203621218452264E+33 -4.563694969045225135E+25 -6.679315153370826190E+25 -4.745033841987419511E+25  1.557862006620907649E+51  3.951673906702969259E+47  1.557466839230247993E+51
  1.098244189563435391E+00  2.686203760335899132E+33  3.929008913747544818E+24  1.118256383143531987E+25  2.085397038835235326E+25  1.555431994731174004E+51  3.945607115086671976E+47  1.555037434019660433E+51
  1.108244189563435400E+00  2.686203899352894832E+33 -1.420487838047189280E+25 -3.022314549036572937E+24 -8.402034446321672764E+25  1.553009747747228871E+51  3.939196838119082242E+47  1.552615828063428399E+51
  1.118244189563435409E+00  2.686204038269706841E+33  9.671406556917033398E+24  2.568967366681086996E+25 -3.898785768257179088E+25  1.550595336340853555E+51  3.932475698613833533E+47  1.550202088771004939E+51
  1.128244189563435418E+00  2.686204177086728306E+33 -1.208925819614629175E+24  1.420487838047189280E+25  1.511157274518286468E+24  1.548188825830073173E+51  3.925505906297192979E+47  1.547796275239424778E+51
  1.138244189563435427E+00  2.686204315804127553E+33 -1.057810092162800528E+25 -3.384992294920961689E+25 -4.080124641199373465E+25  1.545790276061939678E+51  3.918325105778583734E+47  1.545398443551419021E+51
  1.148244189563435436E+00  2.686204454422229129E+33 -2.840975676094378561E+25 -5.017042151400711075E+25 -1.214970448712702321E+26  1.543399741949405385E+51  3.910921347975254791E+47  1.543008649814625848E+51
  1.158244189563435445E+00  2.686204592941222114E+33  6.558422571409363273E+25  6.286414261996071708E+25  2.871198821584744290E+25  1.541017277289464928E+51  3.903338671032440216E+47  1.540626943422361043E+51
